114	4392
1	2	1.000000000000
1	3	0.999999999931
1	4	0.999999999998
1	5	0.181269246922
1	6	0.977629228144
1	7	0.451188363906
1	8	0.998886224852
1	9	0.632120558829
1	10	0.329679953964
1	11	0.550671035883
1	12	1.000000000000
1	13	0.998639631962
1	14	0.181269246922
1	15	0.451188363906
1	16	0.909282046711
1	17	0.632120558829
1	19	0.889196841638
1	20	0.181269246922
1	24	0.181269246922
1	25	0.181269246922
1	26	0.999999319202
1	30	0.181269246922
1	31	0.966626730040
1	34	0.181269246922
1	35	0.798103482005
1	37	0.550671035883
1	38	0.950212931632
1	39	0.329679953964
1	40	0.550671035883
1	42	0.451188363906
1	43	0.329679953964
1	44	0.550671035883
1	45	0.550671035883
1	46	0.999775132676
1	47	0.698805788088
1	48	0.999499548567
1	49	0.698805788088
1	52	0.181269246922
1	53	0.181269246922
1	54	0.753403036058
1	57	0.798103482005
1	58	0.753403036058
1	61	0.451188363906
1	62	0.834701111778
1	63	0.753403036058
1	65	0.950212931632
1	66	0.834701111778
1	67	0.181269246922
1	69	0.798103482005
1	70	0.451188363906
1	71	0.451188363906
1	72	0.329679953964
1	73	0.451188363906
1	74	0.981684361111
1	76	0.999088118034
1	77	0.550671035883
1	78	0.999954600070
1	81	0.329679953964
1	82	0.181269246922
1	83	0.181269246922
1	85	0.329679953964
1	87	0.451188363906
1	88	0.698805788088
1	89	0.181269246922
1	90	0.181269246922
1	91	0.329679953964
1	93	0.864664716763
1	95	0.632120558829
1	96	0.181269246922
1	97	0.181269246922
1	98	0.451188363906
1	100	0.451188363906
1	101	0.798103482005
1	102	0.550671035883
1	103	0.451188363906
1	104	0.181269246922
1	107	0.834701111778
1	108	0.181269246922
1	109	0.959237796022
1	110	0.181269246922
1	112	0.925726421786
1	113	0.999499548567
2	1	1.000000000000
2	3	1.000000000000
2	4	0.991770252951
2	6	0.834701111778
2	8	0.451188363906
2	9	0.550671035883
2	10	0.181269246922
2	11	0.181269246922
2	12	0.550671035883
2	13	0.632120558829
2	14	0.329679953964
2	18	0.181269246922
2	19	0.329679953964
2	24	0.181269246922
2	33	0.550671035883
2	40	0.181269246922
2	45	0.451188363906
2	46	0.753403036058
2	48	0.798103482005
2	49	0.329679953964
2	53	0.181269246922
2	57	0.909282046711
2	65	0.972676277553
2	70	0.550671035883
2	71	0.181269246922
2	75	0.329679953964
2	76	0.329679953964
2	77	0.329679953964
2	78	0.181269246922
2	86	0.864664716763
2	101	0.451188363906
2	103	0.550671035883
2	104	0.181269246922
2	109	0.329679953964
3	1	0.999999999931
3	2	1.000000000000
3	4	0.999999949435
3	5	0.329679953964
3	6	0.864664716763
3	7	0.550671035883
3	8	0.698805788088
3	9	0.972676277553
3	10	0.451188363906
3	11	0.550671035883
3	12	0.889196841638
3	13	0.181269246922
3	14	0.451188363906
3	15	0.329679953964
3	16	0.698805788088
3	17	0.329679953964
3	18	0.550671035883
3	19	0.753403036058
3	20	0.632120558829
3	21	0.834701111778
3	22	0.834701111778
3	23	0.181269246922
3	24	0.698805788088
3	25	0.451188363906
3	26	0.550671035883
3	27	0.451188363906
3	28	0.550671035883
3	30	0.834701111778
3	31	0.550671035883
3	32	0.181269246922
3	33	0.451188363906
3	34	0.989948164255
3	35	0.451188363906
3	36	0.181269246922
3	37	0.451188363906
3	38	0.939189937375
3	39	0.329679953964
3	40	0.181269246922
3	41	0.329679953964
3	42	0.834701111778
3	43	0.329679953964
3	44	0.864664716763
3	45	0.981684361111
3	46	0.181269246922
3	47	0.959237796022
3	48	0.798103482005
3	49	0.993262053001
3	52	0.698805788088
3	53	0.329679953964
3	54	0.181269246922
3	56	0.550671035883
3	57	0.834701111778
3	58	0.329679953964
3	59	0.550671035883
3	60	0.451188363906
3	61	0.329679953964
3	62	0.753403036058
3	63	0.550671035883
3	64	0.451188363906
3	65	0.698805788088
3	66	0.181269246922
3	67	0.550671035883
3	68	0.181269246922
3	69	0.181269246922
3	70	0.972676277553
3	71	0.753403036058
3	72	0.864664716763
3	73	0.181269246922
3	74	0.181269246922
3	75	0.451188363906
3	76	0.889196841638
3	78	0.909282046711
3	81	0.181269246922
3	82	0.632120558829
3	84	0.550671035883
3	85	0.181269246922
3	86	0.834701111778
3	87	0.632120558829
3	88	0.698805788088
3	89	0.753403036058
3	90	0.181269246922
3	91	0.181269246922
3	93	0.329679953964
3	94	0.925726421786
3	95	0.698805788088
3	97	0.834701111778
3	98	0.451188363906
3	99	0.798103482005
3	100	0.698805788088
3	103	0.977629228144
3	104	0.181269246922
3	105	0.864664716763
3	107	0.798103482005
3	108	0.959237796022
3	109	0.632120558829
3	110	0.329679953964
3	111	0.329679953964
3	113	0.998886224852
4	1	0.999999999998
4	2	0.991770252951
4	3	0.999999949435
4	6	0.451188363906
4	7	0.798103482005
4	8	0.999999977280
4	9	0.999986325804
4	10	0.451188363906
4	11	0.989948164255
4	12	0.977629228144
4	13	0.864664716763
4	14	0.550671035883
4	15	0.181269246922
4	16	0.798103482005
4	17	0.329679953964
4	18	0.329679953964
4	19	0.451188363906
4	20	0.329679953964
4	21	0.834701111778
4	22	0.451188363906
4	23	0.181269246922
4	24	0.997970569364
4	25	0.864664716763
4	26	0.181269246922
4	27	0.632120558829
4	28	0.451188363906
4	29	0.451188363906
4	30	0.864664716763
4	31	0.698805788088
4	32	0.451188363906
4	33	0.451188363906
4	34	0.632120558829
4	35	0.939189937375
4	36	0.329679953964
4	37	0.753403036058
4	38	0.329679953964
4	39	0.698805788088
4	40	0.451188363906
4	41	0.550671035883
4	42	0.329679953964
4	43	0.181269246922
4	44	0.329679953964
4	45	0.798103482005
4	46	0.632120558829
4	47	1.000000000000
4	48	0.999775132676
4	49	0.329679953964
4	50	0.181269246922
4	51	0.181269246922
4	52	0.181269246922
4	53	0.181269246922
4	54	0.698805788088
4	56	0.181269246922
4	57	0.181269246922
4	62	0.999954600070
4	63	0.329679953964
4	65	0.834701111778
4	66	0.999999999962
4	67	0.329679953964
4	69	0.451188363906
4	71	0.181269246922
4	72	0.329679953964
4	73	0.181269246922
4	75	0.753403036058
4	76	0.181269246922
4	81	0.329679953964
4	82	0.999990833912
4	86	0.181269246922
4	90	0.451188363906
4	91	0.329679953964
4	92	0.181269246922
4	93	0.181269246922
4	97	0.181269246922
4	98	0.329679953964
4	99	0.181269246922
4	104	0.181269246922
4	105	0.181269246922
4	106	0.181269246922
4	107	0.181269246922
5	1	0.181269246922
5	3	0.329679953964
5	10	0.550671035883
5	16	0.181269246922
5	19	0.181269246922
5	23	0.999999832117
5	28	0.999969567517
5	39	0.181269246922
5	40	0.181269246922
5	42	0.181269246922
5	48	0.181269246922
5	54	0.999994969544
5	55	0.181269246922
5	56	0.181269246922
5	71	0.329679953964
5	72	0.999999168471
5	73	0.181269246922
5	78	0.181269246922
5	113	0.550671035883
6	1	0.977629228144
6	2	0.834701111778
6	3	0.864664716763
6	4	0.451188363906
6	7	0.181269246922
6	8	0.329679953964
6	10	0.909282046711
6	11	0.329679953964
6	12	0.997970569364
6	13	0.329679953964
6	14	0.864664716763
6	15	0.950212931632
6	16	0.991770252951
6	17	0.834701111778
6	20	0.329679953964
6	22	0.632120558829
6	23	0.181269246922
6	24	0.950212931632
6	25	0.329679953964
6	29	0.181269246922
6	30	0.909282046711
6	31	0.999944548401
6	33	0.451188363906
6	34	0.181269246922
6	35	0.996972445255
6	37	0.329679953964
6	40	0.329679953964
6	45	0.329679953964
6	46	0.999988804515
6	47	0.181269246922
6	49	0.977629228144
6	53	0.329679953964
6	54	0.925726421786
6	56	0.181269246922
6	57	0.698805788088
6	58	0.632120558829
6	63	0.977629228144
6	64	0.632120558829
6	65	0.698805788088
6	68	0.181269246922
6	69	0.698805788088
6	70	0.834701111778
6	71	0.999999749548
6	73	0.753403036058
6	74	0.999917275934
6	75	0.181269246922
6	76	0.925726421786
6	77	0.451188363906
6	78	0.451188363906
6	81	0.181269246922
6	82	0.181269246922
6	83	0.550671035883
6	85	0.753403036058
6	86	0.753403036058
6	87	0.181269246922
6	88	0.864664716763
6	89	0.632120558829
6	90	0.698805788088
6	91	0.181269246922
6	93	0.909282046711
6	96	0.329679953964
6	100	0.451188363906
6	101	0.451188363906
6	102	0.451188363906
6	106	0.999590265021
6	107	0.550671035883
6	113	0.632120558829
7	1	0.451188363906
7	3	0.550671035883
7	4	0.798103482005
7	6	0.181269246922
7	8	0.329679953964
7	12	0.181269246922
7	13	0.181269246922
7	18	0.181269246922
7	19	0.329679953964
7	30	0.181269246922
7	33	0.181269246922
7	34	0.181269246922
7	38	0.181269246922
7	39	0.181269246922
7	40	0.329679953964
7	41	0.181269246922
7	42	0.451188363906
7	43	0.181269246922
7	45	0.181269246922
7	53	0.329679953964
7	54	0.181269246922
7	55	0.698805788088
7	56	0.181269246922
7	57	0.181269246922
7	58	0.329679953964
7	63	0.329679953964
7	66	0.329679953964
7	70	0.181269246922
7	75	0.181269246922
7	77	0.181269246922
7	85	0.959237796022
7	89	0.181269246922
7	90	0.329679953964
7	98	0.181269246922
7	113	0.451188363906
8	1	0.998886224852
8	2	0.451188363906
8	3	0.698805788088
8	4	0.999999977280
8	6	0.329679953964
8	7	0.329679953964
8	9	0.994483435579
8	10	0.181269246922
8	12	0.993262053001
8	13	0.925726421786
8	14	0.451188363906
8	17	0.550671035883
8	18	0.329679953964
8	19	0.753403036058
8	21	0.181269246922
8	22	0.451188363906
8	24	0.329679953964
8	25	0.698805788088
8	26	0.181269246922
8	27	0.181269246922
8	31	0.550671035883
8	32	0.181269246922
8	35	0.329679953964
8	37	0.959237796022
8	39	0.181269246922
8	41	0.451188363906
8	43	0.329679953964
8	44	0.181269246922
8	45	0.999954600070
8	46	0.972676277553
8	47	0.996972445255
8	48	0.998338442727
8	49	0.181269246922
8	52	0.181269246922
8	54	0.329679953964
8	55	0.181269246922
8	57	0.972676277553
8	60	0.451188363906
8	62	0.966626730040
8	63	0.550671035883
8	64	0.632120558829
8	65	0.959237796022
8	66	0.999664537372
8	69	1.000000000000
8	70	0.181269246922
8	71	0.451188363906
8	72	0.329679953964
8	74	0.181269246922
8	78	0.991770252951
8	82	0.632120558829
8	86	0.181269246922
8	88	0.329679953964
8	89	0.181269246922
8	91	0.181269246922
8	101	0.181269246922
8	102	0.181269246922
8	113	0.181269246922
9	1	0.632120558829
9	2	0.550671035883
9	3	0.972676277553
9	4	0.999986325804
9	8	0.994483435579
9	12	0.329679953964
9	13	0.181269246922
9	14	0.181269246922
9	18	0.451188363906
9	19	0.329679953964
9	20	0.181269246922
9	26	0.632120558829
9	28	0.181269246922
9	30	0.181269246922
9	35	0.181269246922
9	46	0.181269246922
9	47	0.999999981398
9	48	0.834701111778
9	62	0.999388747239
9	65	0.972676277553
9	70	0.181269246922
9	76	0.329679953964
9	78	0.834701111778
9	81	0.181269246922
9	82	0.550671035883
9	83	0.329679953964
9	84	0.550671035883
9	86	0.181269246922
9	90	0.329679953964
9	101	0.329679953964
9	113	0.329679953964
10	1	0.329679953964
10	2	0.181269246922
10	3	0.451188363906
10	4	0.451188363906
10	5	0.550671035883
10	6	0.909282046711
10	8	0.181269246922
10	11	0.181269246922
10	12	0.451188363906
10	14	0.999999442610
10	16	0.999999998618
10	17	1.000000000000
10	18	0.329679953964
10	19	0.950212931632
10	20	0.181269246922
10	22	0.798103482005
10	24	0.181269246922
10	26	0.181269246922
10	27	0.181269246922
10	28	0.889196841638
10	30	0.632120558829
10	31	0.181269246922
10	34	0.181269246922
10	35	0.966626730040
10	38	0.698805788088
10	40	0.632120558829
10	41	0.451188363906
10	42	0.181269246922
10	43	0.181269246922
10	44	0.181269246922
10	45	0.181269246922
10	46	0.864664716763
10	47	0.181269246922
10	49	0.451188363906
10	53	0.329679953964
10	55	0.329679953964
10	58	0.834701111778
10	59	0.181269246922
10	63	0.632120558829
10	64	0.329679953964
10	65	0.632120558829
10	69	0.181269246922
10	72	0.181269246922
10	73	0.999962829681
10	74	0.950212931632
10	75	0.329679953964
10	76	0.698805788088
10	78	0.181269246922
10	83	0.451188363906
10	84	0.329679953964
10	85	0.329679953964
10	86	0.329679953964
10	89	0.329679953964
10	91	0.329679953964
10	92	0.181269246922
10	93	0.909282046711
10	95	0.181269246922
10	96	0.329679953964
10	97	0.329679953964
10	99	0.939189937375
10	101	0.329679953964
10	113	0.798103482005
11	1	0.550671035883
11	2	0.181269246922
11	3	0.550671035883
11	4	0.989948164255
11	6	0.329679953964
11	10	0.181269246922
11	12	0.181269246922
11	14	0.329679953964
11	16	0.994483435579
11	18	0.329679953964
11	22	0.632120558829
11	24	0.451188363906
11	28	0.181269246922
11	30	0.181269246922
11	39	0.632120558829
11	50	0.181269246922
11	52	0.550671035883
11	57	0.451188363906
11	72	0.181269246922
11	76	0.864664716763
11	84	0.181269246922
11	93	0.999590265021
11	101	0.181269246922
11	102	0.999815894206
11	105	0.451188363906
11	110	0.329679953964
11	112	0.329679953964
12	1	1.000000000000
12	2	0.550671035883
12	3	0.889196841638
12	4	0.977629228144
12	6	0.997970569364
12	7	0.181269246922
12	8	0.993262053001
12	9	0.329679953964
12	10	0.451188363906
12	11	0.181269246922
12	13	0.999590265021
12	14	0.329679953964
12	15	0.451188363906
12	16	0.550671035883
12	17	0.451188363906
12	19	0.632120558829
12	20	0.181269246922
12	23	0.329679953964
12	24	0.834701111778
12	25	0.550671035883
12	26	0.999815894206
12	27	0.632120558829
12	28	0.329679953964
12	30	0.451188363906
12	31	0.939189937375
12	32	0.181269246922
12	33	0.181269246922
12	34	0.972676277553
12	35	0.993262053001
12	36	0.181269246922
12	37	0.909282046711
12	38	0.451188363906
12	39	0.181269246922
12	42	0.329679953964
12	43	0.451188363906
12	44	0.632120558829
12	45	0.950212931632
12	46	0.991770252951
12	47	0.329679953964
12	48	0.550671035883
12	49	0.181269246922
12	52	0.181269246922
12	53	0.181269246922
12	54	0.753403036058
12	57	0.753403036058
12	58	0.550671035883
12	60	0.181269246922
12	61	0.181269246922
12	63	0.977629228144
12	64	0.864664716763
12	65	0.998639631962
12	66	0.989948164255
12	67	0.632120558829
12	68	0.864664716763
12	69	0.999992495442
12	70	0.550671035883
12	71	0.329679953964
12	72	0.999253414192
12	74	0.999849266925
12	75	0.329679953964
12	76	0.632120558829
12	77	0.798103482005
12	78	1.000000000000
12	81	0.798103482005
12	82	0.181269246922
12	83	0.550671035883
12	85	0.950212931632
12	87	0.550671035883
12	88	0.939189937375
12	89	0.451188363906
12	90	0.451188363906
12	92	0.181269246922
12	93	0.997970569364
12	95	0.889196841638
12	96	0.451188363906
12	100	0.550671035883
12	102	0.753403036058
12	106	0.999992495442
12	107	0.329679953964
12	109	0.550671035883
12	112	0.991770252951
12	113	0.972676277553
13	1	0.998639631962
13	2	0.632120558829
13	3	0.181269246922
13	4	0.864664716763
13	6	0.329679953964
13	7	0.181269246922
13	8	0.925726421786
13	9	0.181269246922
13	12	0.999590265021
13	15	0.181269246922
13	17	0.632120558829
13	19	0.977629228144
13	25	0.329679953964
13	27	0.329679953964
13	31	0.550671035883
13	42	0.181269246922
13	43	0.939189937375
13	44	0.889196841638
13	45	0.909282046711
13	46	0.550671035883
13	47	0.181269246922
13	48	0.181269246922
13	57	0.329679953964
13	58	0.329679953964
13	63	0.864664716763
13	65	0.181269246922
13	66	0.798103482005
13	67	0.181269246922
13	68	0.329679953964
13	69	0.999088118034
13	71	0.181269246922
13	74	0.329679953964
13	75	0.950212931632
13	76	0.698805788088
13	78	0.991770252951
13	83	0.985004423180
13	85	0.181269246922
13	88	0.889196841638
13	89	0.181269246922
13	90	0.329679953964
13	93	0.329679953964
13	99	0.181269246922
13	101	0.451188363906
13	106	0.181269246922
13	107	0.181269246922
13	110	0.181269246922
13	113	0.181269246922
14	1	0.181269246922
14	2	0.329679953964
14	3	0.451188363906
14	4	0.550671035883
14	6	0.864664716763
14	8	0.451188363906
14	9	0.181269246922
14	10	0.999999442610
14	11	0.329679953964
14	12	0.329679953964
14	16	0.939189937375
14	17	0.939189937375
14	18	0.329679953964
14	19	0.181269246922
14	23	0.329679953964
14	25	0.181269246922
14	26	0.181269246922
14	27	0.329679953964
14	30	0.181269246922
14	31	0.451188363906
14	34	0.985004423180
14	35	1.000000000000
14	37	0.329679953964
14	38	0.181269246922
14	39	0.181269246922
14	40	0.632120558829
14	41	0.181269246922
14	43	0.181269246922
14	45	0.181269246922
14	47	0.959237796022
14	48	0.181269246922
14	49	0.181269246922
14	50	0.181269246922
14	52	0.181269246922
14	53	0.181269246922
14	57	0.451188363906
14	58	0.181269246922
14	62	0.181269246922
14	63	1.000000000000
14	64	0.999986325804
14	65	0.181269246922
14	69	0.181269246922
14	72	0.329679953964
14	74	0.550671035883
14	76	0.329679953964
14	78	0.550671035883
14	80	0.181269246922
14	83	0.181269246922
14	84	0.329679953964
14	85	0.329679953964
14	88	0.753403036058
14	89	0.329679953964
14	90	0.181269246922
14	91	0.329679953964
14	92	0.181269246922
14	93	0.753403036058
14	99	0.451188363906
14	101	0.181269246922
14	102	0.451188363906
14	105	0.181269246922
14	113	0.925726421786
15	1	0.451188363906
15	3	0.329679953964
15	4	0.181269246922
15	6	0.950212931632
15	12	0.451188363906
15	13	0.181269246922
15	17	0.889196841638
15	19	0.181269246922
15	23	0.329679953964
15	24	0.451188363906
15	25	0.753403036058
15	28	0.181269246922
15	29	0.181269246922
15	30	0.329679953964
15	31	0.999815894206
15	34	0.181269246922
15	35	0.451188363906
15	36	0.181269246922
15	40	0.181269246922
15	44	0.181269246922
15	46	0.181269246922
15	47	0.181269246922
15	49	0.181269246922
15	54	0.181269246922
15	56	0.181269246922
15	57	0.181269246922
15	59	0.181269246922
15	60	0.329679953964
15	63	0.995483419057
15	64	0.181269246922
15	65	0.451188363906
15	68	0.181269246922
15	70	0.181269246922
15	72	0.550671035883
15	74	0.995483419057
15	76	0.451188363906
15	77	0.181269246922
15	78	0.181269246922
15	83	0.329679953964
15	86	0.181269246922
15	88	0.994483435579
15	91	0.181269246922
15	98	0.181269246922
15	99	0.181269246922
15	108	0.999999749548
16	1	0.909282046711
16	3	0.698805788088
16	4	0.798103482005
16	5	0.181269246922
16	6	0.991770252951
16	10	0.999999998618
16	11	0.994483435579
16	12	0.550671035883
16	14	0.939189937375
16	17	0.999944548401
16	19	0.329679953964
16	24	0.632120558829
16	27	0.329679953964
16	28	0.329679953964
16	31	0.834701111778
16	34	0.181269246922
16	35	0.985004423180
16	40	0.181269246922
16	43	0.329679953964
16	45	0.181269246922
16	47	0.181269246922
16	49	0.329679953964
16	51	0.181269246922
16	52	0.550671035883
16	53	0.181269246922
16	57	0.329679953964
16	58	0.329679953964
16	61	0.698805788088
16	63	0.977629228144
16	64	0.181269246922
16	65	0.329679953964
16	71	0.181269246922
16	73	0.698805788088
16	74	0.698805788088
16	76	0.632120558829
16	80	0.181269246922
16	83	0.329679953964
16	88	0.451188363906
16	90	0.181269246922
16	93	0.995483419057
16	96	0.181269246922
16	102	0.993262053001
16	104	0.181269246922
16	113	0.329679953964
17	1	0.632120558829
17	3	0.329679953964
17	4	0.329679953964
17	6	0.834701111778
17	8	0.550671035883
17	10	1.000000000000
17	12	0.451188363906
17	13	0.632120558829
17	14	0.939189937375
17	15	0.889196841638
17	16	0.999944548401
17	19	0.329679953964
17	22	0.889196841638
17	23	0.181269246922
17	24	0.451188363906
17	25	0.329679953964
17	28	0.959237796022
17	29	0.451188363906
17	31	0.972676277553
17	35	0.753403036058
17	36	0.181269246922
17	37	0.632120558829
17	38	0.451188363906
17	39	0.181269246922
17	41	0.329679953964
17	42	0.181269246922
17	46	0.981684361111
17	47	0.181269246922
17	48	0.181269246922
17	49	0.909282046711
17	52	0.181269246922
17	53	0.329679953964
17	54	0.329679953964
17	56	0.329679953964
17	58	0.181269246922
17	61	0.329679953964
17	63	0.995483419057
17	65	0.181269246922
17	67	0.181269246922
17	69	0.698805788088
17	72	0.889196841638
17	73	0.999954600070
17	74	0.550671035883
17	75	0.181269246922
17	76	0.753403036058
17	77	0.329679953964
17	81	0.451188363906
17	85	0.181269246922
17	86	0.181269246922
17	88	0.753403036058
17	90	0.181269246922
17	91	0.329679953964
17	99	0.329679953964
17	103	0.181269246922
17	106	0.329679953964
17	107	0.329679953964
17	108	0.632120558829
17	110	0.329679953964
17	113	0.181269246922
18	2	0.181269246922
18	3	0.550671035883
18	4	0.329679953964
18	7	0.181269246922
18	8	0.329679953964
18	9	0.451188363906
18	10	0.329679953964
18	11	0.329679953964
18	14	0.329679953964
18	19	0.939189937375
18	33	0.181269246922
18	34	0.181269246922
18	37	0.181269246922
18	39	0.181269246922
18	41	0.181269246922
18	47	0.999996627985
18	53	0.329679953964
18	54	0.181269246922
18	60	0.181269246922
18	65	0.999993855788
18	69	0.181269246922
18	80	0.181269246922
18	84	0.181269246922
18	87	0.181269246922
18	113	0.451188363906
19	1	0.889196841638
19	2	0.329679953964
19	3	0.753403036058
19	4	0.451188363906
19	5	0.181269246922
19	7	0.329679953964
19	8	0.753403036058
19	9	0.329679953964
19	10	0.950212931632
19	12	0.632120558829
19	13	0.977629228144
19	14	0.181269246922
19	15	0.181269246922
19	16	0.329679953964
19	17	0.329679953964
19	18	0.939189937375
19	20	0.181269246922
19	21	0.181269246922
19	22	0.451188363906
19	23	0.329679953964
19	25	0.329679953964
19	27	0.181269246922
19	31	0.451188363906
19	34	0.181269246922
19	35	0.834701111778
19	37	0.181269246922
19	38	0.181269246922
19	39	0.550671035883
19	41	0.632120558829
19	42	0.329679953964
19	43	0.632120558829
19	44	0.987722660097
19	45	0.550671035883
19	46	0.632120558829
19	47	0.329679953964
19	48	0.181269246922
19	49	0.998338442727
19	50	0.181269246922
19	53	0.329679953964
19	54	0.550671035883
19	56	0.181269246922
19	57	0.329679953964
19	58	0.329679953964
19	63	0.632120558829
19	64	0.329679953964
19	65	0.864664716763
19	66	0.181269246922
19	67	0.181269246922
19	69	0.995483419057
19	70	0.181269246922
19	72	0.181269246922
19	73	1.000000000000
19	75	0.889196841638
19	76	0.181269246922
19	77	0.181269246922
19	78	0.864664716763
19	83	0.451188363906
19	84	0.181269246922
19	85	0.181269246922
19	86	0.939189937375
19	89	0.864664716763
19	90	0.329679953964
19	91	0.329679953964
19	93	0.550671035883
19	95	0.181269246922
19	99	0.999898960598
19	100	0.329679953964
19	101	0.451188363906
19	102	0.550671035883
19	106	0.999849266925
19	107	0.181269246922
19	109	0.329679953964
19	113	0.181269246922
20	1	0.181269246922
20	3	0.632120558829
20	4	0.329679953964
20	6	0.329679953964
20	9	0.181269246922
20	10	0.181269246922
20	12	0.181269246922
20	19	0.181269246922
20	31	0.329679953964
20	33	0.181269246922
20	38	0.181269246922
20	46	0.995483419057
20	55	0.181269246922
20	71	0.834701111778
20	72	0.181269246922
20	87	0.995483419057
20	93	0.329679953964
20	96	0.329679953964
20	101	0.181269246922
20	106	0.753403036058
20	107	0.181269246922
21	3	0.834701111778
21	4	0.834701111778
21	8	0.181269246922
21	19	0.181269246922
21	25	0.181269246922
21	27	0.181269246922
21	30	0.181269246922
21	32	0.329679953964
21	39	0.329679953964
21	41	0.753403036058
21	44	0.181269246922
21	45	0.329679953964
21	54	0.181269246922
21	56	0.329679953964
21	58	0.632120558829
21	59	0.329679953964
21	64	0.181269246922
21	69	0.181269246922
21	72	0.181269246922
21	73	0.329679953964
21	76	0.181269246922
21	78	0.181269246922
21	84	0.181269246922
21	86	0.181269246922
21	87	0.451188363906
21	88	0.451188363906
21	96	0.181269246922
22	3	0.834701111778
22	4	0.451188363906
22	6	0.632120558829
22	8	0.451188363906
22	10	0.798103482005
22	11	0.632120558829
22	17	0.889196841638
22	19	0.451188363906
22	24	0.451188363906
22	25	0.329679953964
22	31	0.550671035883
22	32	0.181269246922
22	34	0.181269246922
22	37	0.329679953964
22	38	0.181269246922
22	39	0.451188363906
22	41	0.451188363906
22	42	0.698805788088
22	50	0.181269246922
22	52	0.451188363906
22	63	0.834701111778
22	64	0.181269246922
22	70	0.834701111778
22	71	0.181269246922
22	72	0.181269246922
22	74	0.977629228144
22	77	0.329679953964
22	81	0.329679953964
22	83	0.451188363906
22	84	0.181269246922
22	86	0.181269246922
22	89	0.181269246922
22	90	0.181269246922
22	99	0.181269246922
22	105	0.798103482005
22	107	0.451188363906
22	110	0.753403036058
23	3	0.181269246922
23	4	0.181269246922
23	5	0.999999832117
23	6	0.181269246922
23	12	0.329679953964
23	14	0.329679953964
23	15	0.329679953964
23	17	0.181269246922
23	19	0.329679953964
23	25	0.181269246922
23	28	0.999998484856
23	30	0.181269246922
23	31	0.753403036058
23	35	0.181269246922
23	38	0.181269246922
23	39	0.181269246922
23	41	0.329679953964
23	45	0.550671035883
23	48	0.329679953964
23	50	0.181269246922
23	53	0.451188363906
23	54	0.999999999962
23	57	0.987722660097
23	64	0.181269246922
23	65	0.329679953964
23	66	0.181269246922
23	70	0.181269246922
23	71	0.864664716763
23	72	1.000000000000
23	74	0.451188363906
23	78	0.181269246922
23	87	0.181269246922
23	91	0.329679953964
23	102	0.181269246922
23	105	0.181269246922
23	108	0.181269246922
23	113	0.181269246922
24	1	0.181269246922
24	2	0.181269246922
24	3	0.698805788088
24	4	0.997970569364
24	6	0.950212931632
24	8	0.329679953964
24	10	0.181269246922
24	11	0.451188363906
24	12	0.834701111778
24	15	0.451188363906
24	16	0.632120558829
24	17	0.451188363906
24	22	0.451188363906
24	25	0.181269246922
24	27	0.181269246922
24	30	0.329679953964
24	31	0.950212931632
24	35	0.998886224852
24	37	0.181269246922
24	39	0.550671035883
24	40	0.181269246922
24	46	0.329679953964
24	48	0.329679953964
24	49	0.181269246922
24	50	0.889196841638
24	51	0.451188363906
24	52	0.999979600497
24	53	0.329679953964
24	55	0.181269246922
24	56	0.181269246922
24	57	0.987722660097
24	58	0.181269246922
24	60	0.181269246922
24	63	0.999388747239
24	65	0.451188363906
24	69	0.181269246922
24	70	0.329679953964
24	72	0.329679953964
24	73	0.181269246922
24	74	0.889196841638
24	77	0.451188363906
24	78	0.181269246922
24	80	0.451188363906
24	83	0.181269246922
24	86	0.329679953964
24	87	0.550671035883
24	89	0.181269246922
24	90	0.999253414192
24	91	1.000000000000
24	95	0.753403036058
24	96	0.959237796022
24	97	0.181269246922
24	100	0.181269246922
24	105	0.329679953964
24	110	0.451188363906
25	1	0.181269246922
25	3	0.451188363906
25	4	0.864664716763
25	6	0.329679953964
25	8	0.698805788088
25	12	0.550671035883
25	13	0.329679953964
25	14	0.181269246922
25	15	0.753403036058
25	17	0.329679953964
25	19	0.329679953964
25	21	0.181269246922
25	22	0.329679953964
25	23	0.181269246922
25	24	0.181269246922
25	27	1.000000000000
25	28	0.181269246922
25	29	0.181269246922
25	31	0.329679953964
25	32	0.181269246922
25	34	0.329679953964
25	35	0.181269246922
25	37	0.329679953964
25	38	0.997521247823
25	39	0.329679953964
25	41	0.181269246922
25	43	0.181269246922
25	44	0.753403036058
25	45	0.632120558829
25	46	0.329679953964
25	49	0.181269246922
25	52	0.181269246922
25	53	0.451188363906
25	54	0.329679953964
25	56	0.181269246922
25	57	0.451188363906
25	58	0.181269246922
25	63	0.753403036058
25	64	0.181269246922
25	65	0.939189937375
25	66	0.181269246922
25	68	0.181269246922
25	69	0.834701111778
25	70	0.181269246922
25	73	0.451188363906
25	74	0.550671035883
25	78	0.834701111778
25	83	0.181269246922
25	84	0.550671035883
25	85	0.925726421786
25	86	0.181269246922
25	87	0.181269246922
25	89	0.181269246922
25	90	0.632120558829
25	92	0.999954600070
25	93	0.329679953964
25	95	0.632120558829
25	96	0.181269246922
25	97	0.909282046711
25	98	0.181269246922
25	99	0.181269246922
25	101	0.181269246922
25	103	0.753403036058
25	105	0.925726421786
25	109	0.181269246922
25	110	0.181269246922
26	1	0.999999319202
26	3	0.550671035883
26	4	0.181269246922
26	8	0.181269246922
26	9	0.632120558829
26	10	0.181269246922
26	12	0.999815894206
26	14	0.181269246922
26	32	0.181269246922
26	36	0.181269246922
26	44	0.181269246922
26	47	0.181269246922
26	49	0.181269246922
26	60	0.181269246922
26	66	0.329679953964
26	72	0.181269246922
26	73	0.181269246922
26	76	0.181269246922
26	78	0.998639631962
26	90	0.181269246922
27	3	0.451188363906
27	4	0.632120558829
27	8	0.181269246922
27	10	0.181269246922
27	12	0.632120558829
27	13	0.329679953964
27	14	0.329679953964
27	16	0.329679953964
27	19	0.181269246922
27	21	0.181269246922
27	24	0.181269246922
27	25	1.000000000000
27	28	0.451188363906
27	29	0.181269246922
27	32	0.550671035883
27	34	0.329679953964
27	36	0.181269246922
27	37	0.181269246922
27	38	0.550671035883
27	39	0.329679953964
27	43	0.451188363906
27	44	0.329679953964
27	48	0.451188363906
27	54	0.329679953964
27	55	0.181269246922
27	56	0.181269246922
27	57	0.864664716763
27	63	0.181269246922
27	65	0.329679953964
27	69	0.181269246922
27	71	0.181269246922
27	72	0.181269246922
27	75	0.329679953964
27	81	0.864664716763
27	84	0.550671035883
27	85	0.753403036058
27	87	0.181269246922
27	90	0.181269246922
27	92	0.329679953964
27	93	0.181269246922
27	95	0.181269246922
27	96	0.698805788088
27	97	0.181269246922
27	100	0.181269246922
27	105	0.329679953964
28	3	0.550671035883
28	4	0.451188363906
28	5	0.999969567517
28	9	0.181269246922
28	10	0.889196841638
28	11	0.181269246922
28	12	0.329679953964
28	15	0.181269246922
28	16	0.329679953964
28	17	0.959237796022
28	23	0.999998484856
28	25	0.181269246922
28	27	0.451188363906
28	29	0.329679953964
28	30	0.181269246922
28	37	0.550671035883
28	38	0.181269246922
28	40	0.329679953964
28	48	0.181269246922
28	52	0.181269246922
28	53	0.329679953964
28	54	0.977629228144
28	57	0.181269246922
28	63	0.329679953964
28	64	0.181269246922
28	72	0.999999999997
28	73	0.550671035883
28	78	0.181269246922
28	96	0.181269246922
29	4	0.451188363906
29	6	0.181269246922
29	15	0.181269246922
29	17	0.451188363906
29	25	0.181269246922
29	27	0.181269246922
29	28	0.329679953964
29	34	0.329679953964
29	39	0.451188363906
29	45	0.181269246922
29	48	0.181269246922
29	52	0.753403036058
29	58	0.181269246922
29	64	0.181269246922
29	65	0.181269246922
29	72	0.181269246922
29	76	0.181269246922
29	78	0.181269246922
29	88	0.181269246922
29	90	0.550671035883
29	91	0.329679953964
29	97	0.181269246922
30	1	0.181269246922
30	3	0.834701111778
30	4	0.864664716763
30	6	0.909282046711
30	7	0.181269246922
30	9	0.181269246922
30	10	0.632120558829
30	11	0.181269246922
30	12	0.451188363906
30	14	0.181269246922
30	15	0.329679953964
30	21	0.181269246922
30	23	0.181269246922
30	24	0.329679953964
30	28	0.181269246922
30	31	0.999253414192
30	32	0.181269246922
30	36	0.181269246922
30	37	0.181269246922
30	41	0.181269246922
30	42	0.181269246922
30	43	0.181269246922
30	45	0.329679953964
30	46	0.698805788088
30	48	0.329679953964
30	49	0.329679953964
30	52	0.181269246922
30	53	0.181269246922
30	55	0.181269246922
30	59	0.181269246922
30	63	0.864664716763
30	65	0.329679953964
30	69	0.329679953964
30	70	0.181269246922
30	71	0.181269246922
30	73	0.181269246922
30	75	0.181269246922
30	78	0.550671035883
30	83	0.181269246922
30	84	0.753403036058
30	86	0.999999999813
30	87	0.909282046711
30	94	0.632120558829
30	104	0.181269246922
30	107	0.939189937375
30	113	0.550671035883
31	1	0.966626730040
31	3	0.550671035883
31	4	0.698805788088
31	6	0.999944548401
31	8	0.550671035883
31	10	0.181269246922
31	12	0.939189937375
31	13	0.550671035883
31	14	0.451188363906
31	15	0.999815894206
31	16	0.834701111778
31	17	0.972676277553
31	19	0.451188363906
31	20	0.329679953964
31	22	0.550671035883
31	23	0.753403036058
31	24	0.950212931632
31	25	0.329679953964
31	30	0.999253414192
31	32	0.181269246922
31	34	0.999917275934
31	35	0.996972445255
31	37	0.329679953964
31	41	0.550671035883
31	44	0.181269246922
31	45	0.329679953964
31	46	0.889196841638
31	47	0.451188363906
31	48	0.909282046711
31	49	0.632120558829
31	50	0.181269246922
31	52	0.181269246922
31	53	0.632120558829
31	54	0.329679953964
31	56	0.181269246922
31	57	0.181269246922
31	58	0.181269246922
31	60	0.181269246922
31	63	0.999999832117
31	64	0.909282046711
31	65	0.999992495442
31	66	0.451188363906
31	67	0.451188363906
31	69	0.925726421786
31	71	0.950212931632
31	72	0.994483435579
31	73	0.181269246922
31	74	0.864664716763
31	76	0.925726421786
31	77	0.181269246922
31	78	0.329679953964
31	79	0.181269246922
31	81	0.181269246922
31	83	0.329679953964
31	84	0.329679953964
31	85	0.181269246922
31	87	0.329679953964
31	88	0.834701111778
31	90	0.451188363906
31	91	0.181269246922
31	94	0.181269246922
31	97	0.181269246922
31	99	0.181269246922
31	100	0.181269246922
31	101	0.329679953964
31	102	0.181269246922
31	107	0.451188363906
31	108	0.181269246922
31	112	0.329679953964
32	3	0.181269246922
32	4	0.451188363906
32	8	0.181269246922
32	12	0.181269246922
32	21	0.329679953964
32	22	0.181269246922
32	25	0.181269246922
32	26	0.181269246922
32	27	0.550671035883
32	30	0.181269246922
32	31	0.181269246922
32	36	0.181269246922
32	39	0.181269246922
32	54	0.999917275934
32	58	0.181269246922
32	60	0.329679953964
32	65	0.181269246922
32	70	0.181269246922
32	71	0.181269246922
32	90	0.181269246922
32	96	0.181269246922
32	103	0.451188363906
33	2	0.550671035883
33	3	0.451188363906
33	4	0.451188363906
33	6	0.451188363906
33	7	0.181269246922
33	12	0.181269246922
33	18	0.181269246922
33	20	0.181269246922
33	41	0.181269246922
33	45	0.329679953964
33	46	0.329679953964
33	53	0.181269246922
33	63	0.181269246922
33	64	0.181269246922
33	65	0.181269246922
33	73	0.451188363906
33	84	0.181269246922
34	1	0.181269246922
34	3	0.989948164255
34	4	0.632120558829
34	6	0.181269246922
34	7	0.181269246922
34	10	0.181269246922
34	12	0.972676277553
34	14	0.985004423180
34	15	0.181269246922
34	16	0.181269246922
34	18	0.181269246922
34	19	0.181269246922
34	22	0.181269246922
34	25	0.329679953964
34	27	0.329679953964
34	29	0.329679953964
34	31	0.999917275934
34	37	0.181269246922
34	38	0.181269246922
34	39	0.181269246922
34	41	0.181269246922
34	45	0.329679953964
34	49	0.181269246922
34	51	0.181269246922
34	52	0.329679953964
34	54	0.181269246922
34	56	0.329679953964
34	58	0.329679953964
34	61	0.889196841638
34	65	0.181269246922
34	69	0.329679953964
34	70	0.329679953964
34	72	0.329679953964
34	74	0.181269246922
34	78	0.550671035883
34	81	0.181269246922
34	86	0.329679953964
34	90	0.632120558829
34	91	0.181269246922
34	92	0.181269246922
34	95	0.181269246922
34	97	0.181269246922
34	99	0.329679953964
34	105	0.753403036058
34	110	0.451188363906
35	1	0.798103482005
35	3	0.451188363906
35	4	0.939189937375
35	6	0.996972445255
35	8	0.329679953964
35	9	0.181269246922
35	10	0.966626730040
35	12	0.993262053001
35	14	1.000000000000
35	15	0.451188363906
35	16	0.985004423180
35	17	0.753403036058
35	19	0.834701111778
35	23	0.181269246922
35	24	0.998886224852
35	25	0.181269246922
35	31	0.996972445255
35	39	0.329679953964
35	40	0.834701111778
35	41	0.329679953964
35	42	0.181269246922
35	45	0.329679953964
35	47	0.181269246922
35	48	0.753403036058
35	49	0.698805788088
35	50	0.181269246922
35	51	0.451188363906
35	57	0.181269246922
35	58	0.181269246922
35	59	0.181269246922
35	63	0.999999989791
35	64	0.999975083990
35	65	0.753403036058
35	67	0.181269246922
35	72	0.181269246922
35	73	0.329679953964
35	74	0.181269246922
35	76	0.181269246922
35	77	0.329679953964
35	78	0.451188363906
35	79	0.181269246922
35	83	0.181269246922
35	85	0.181269246922
35	87	0.550671035883
35	88	0.698805788088
35	90	0.550671035883
35	91	0.181269246922
35	93	0.181269246922
35	101	0.329679953964
35	102	0.181269246922
35	104	0.451188363906
35	105	0.181269246922
35	107	0.550671035883
35	108	0.959237796022
35	112	0.181269246922
35	113	0.632120558829
36	3	0.181269246922
36	4	0.329679953964
36	12	0.181269246922
36	15	0.181269246922
36	17	0.181269246922
36	26	0.181269246922
36	27	0.181269246922
36	30	0.181269246922
36	32	0.181269246922
36	37	0.181269246922
36	38	0.550671035883
36	40	0.329679953964
36	41	0.550671035883
36	43	0.181269246922
36	51	0.181269246922
36	53	0.181269246922
36	54	0.181269246922
36	55	0.329679953964
36	57	0.451188363906
36	59	0.451188363906
36	60	0.181269246922
36	63	0.181269246922
36	64	0.329679953964
36	65	0.329679953964
36	72	0.181269246922
36	73	0.181269246922
36	78	0.451188363906
36	81	0.181269246922
36	88	0.632120558829
36	92	0.181269246922
36	113	0.329679953964
37	1	0.550671035883
37	3	0.451188363906
37	4	0.753403036058
37	6	0.329679953964
37	8	0.959237796022
37	12	0.909282046711
37	14	0.329679953964
37	17	0.632120558829
37	18	0.181269246922
37	19	0.181269246922
37	22	0.329679953964
37	24	0.181269246922
37	25	0.329679953964
37	27	0.181269246922
37	28	0.550671035883
37	30	0.181269246922
37	31	0.329679953964
37	34	0.181269246922
37	36	0.181269246922
37	39	0.329679953964
37	40	0.181269246922
37	41	0.999944548401
37	44	0.329679953964
37	45	0.632120558829
37	53	0.329679953964
37	55	0.329679953964
37	56	0.329679953964
37	57	0.181269246922
37	61	0.451188363906
37	63	0.977629228144
37	65	0.181269246922
37	67	0.753403036058
37	68	0.451188363906
37	69	0.999962829681
37	71	0.550671035883
37	72	0.698805788088
37	74	0.698805788088
37	79	0.181269246922
37	81	0.959237796022
37	83	0.181269246922
37	84	0.329679953964
37	85	0.181269246922
37	86	0.550671035883
37	87	0.989948164255
37	90	0.329679953964
37	91	0.181269246922
37	98	0.181269246922
37	100	0.987722660097
37	101	0.181269246922
37	104	0.966626730040
37	105	0.181269246922
37	106	0.181269246922
37	108	0.451188363906
38	1	0.950212931632
38	3	0.939189937375
38	4	0.329679953964
38	7	0.181269246922
38	10	0.698805788088
38	12	0.451188363906
38	14	0.181269246922
38	17	0.451188363906
38	19	0.181269246922
38	20	0.181269246922
38	22	0.181269246922
38	23	0.181269246922
38	25	0.997521247823
38	27	0.550671035883
38	28	0.181269246922
38	34	0.181269246922
38	36	0.550671035883
38	39	0.550671035883
38	45	0.329679953964
38	48	0.181269246922
38	53	0.181269246922
38	54	0.834701111778
38	55	0.181269246922
38	63	0.181269246922
38	65	0.999962829681
38	71	0.889196841638
38	72	0.550671035883
38	74	0.181269246922
38	75	0.181269246922
38	77	0.329679953964
38	83	0.181269246922
38	84	0.451188363906
38	86	0.181269246922
38	87	0.329679953964
38	89	0.181269246922
38	93	0.181269246922
38	112	0.181269246922
38	113	0.550671035883
39	1	0.329679953964
39	3	0.329679953964
39	4	0.698805788088
39	5	0.181269246922
39	7	0.181269246922
39	8	0.181269246922
39	11	0.632120558829
39	12	0.181269246922
39	14	0.181269246922
39	17	0.181269246922
39	18	0.181269246922
39	19	0.550671035883
39	21	0.329679953964
39	22	0.451188363906
39	23	0.181269246922
39	24	0.550671035883
39	25	0.329679953964
39	27	0.329679953964
39	29	0.451188363906
39	32	0.181269246922
39	34	0.181269246922
39	35	0.329679953964
39	37	0.329679953964
39	38	0.550671035883
39	40	0.977629228144
39	42	0.181269246922
39	43	0.181269246922
39	45	0.329679953964
39	46	0.181269246922
39	48	0.329679953964
39	50	0.181269246922
39	52	0.550671035883
39	53	0.632120558829
39	54	0.181269246922
39	56	0.181269246922
39	59	0.181269246922
39	60	0.181269246922
39	65	0.698805788088
39	70	0.181269246922
39	75	0.451188363906
39	77	0.329679953964
39	78	0.451188363906
39	79	0.329679953964
39	84	0.181269246922
39	86	0.451188363906
39	88	0.181269246922
39	90	0.181269246922
39	91	0.181269246922
39	93	0.181269246922
39	95	0.550671035883
39	100	0.329679953964
39	105	0.451188363906
39	108	0.181269246922
39	110	0.550671035883
39	113	0.329679953964
40	1	0.550671035883
40	2	0.181269246922
40	3	0.181269246922
40	4	0.451188363906
40	5	0.181269246922
40	6	0.329679953964
40	7	0.329679953964
40	10	0.632120558829
40	14	0.632120558829
40	15	0.181269246922
40	16	0.181269246922
40	24	0.181269246922
40	28	0.329679953964
40	35	0.834701111778
40	36	0.329679953964
40	37	0.181269246922
40	39	0.977629228144
40	53	1.000000000000
40	55	1.000000000000
40	56	0.999999999931
40	57	0.181269246922
40	59	0.181269246922
40	71	0.798103482005
40	72	0.181269246922
40	75	0.181269246922
40	83	0.632120558829
40	87	0.329679953964
40	88	0.698805788088
40	92	0.329679953964
40	96	0.181269246922
40	102	0.181269246922
41	3	0.329679953964
41	4	0.550671035883
41	7	0.181269246922
41	8	0.451188363906
41	10	0.451188363906
41	14	0.181269246922
41	17	0.329679953964
41	18	0.181269246922
41	19	0.632120558829
41	21	0.753403036058
41	22	0.451188363906
41	23	0.329679953964
41	25	0.181269246922
41	30	0.181269246922
41	31	0.550671035883
41	33	0.181269246922
41	34	0.181269246922
41	35	0.329679953964
41	36	0.550671035883
41	37	0.999944548401
41	42	0.181269246922
41	43	0.329679953964
41	44	0.181269246922
41	45	0.550671035883
41	46	0.181269246922
41	49	0.181269246922
41	53	0.329679953964
41	59	0.991770252951
41	67	0.550671035883
41	69	0.834701111778
41	72	0.181269246922
41	74	0.181269246922
41	81	0.834701111778
41	83	0.181269246922
41	87	0.181269246922
41	90	0.181269246922
41	99	0.329679953964
41	101	0.181269246922
41	102	0.181269246922
42	1	0.451188363906
42	3	0.834701111778
42	4	0.329679953964
42	5	0.181269246922
42	7	0.451188363906
42	10	0.181269246922
42	12	0.329679953964
42	13	0.181269246922
42	17	0.181269246922
42	19	0.329679953964
42	22	0.698805788088
42	30	0.181269246922
42	35	0.181269246922
42	39	0.181269246922
42	41	0.181269246922
42	43	0.329679953964
42	45	0.181269246922
42	49	0.977629228144
42	50	0.181269246922
42	51	0.181269246922
42	53	0.329679953964
42	54	0.977629228144
42	58	0.550671035883
42	59	0.329679953964
42	64	0.181269246922
42	65	0.451188363906
42	67	0.632120558829
42	69	0.329679953964
42	70	0.998338442727
42	72	0.329679953964
42	76	0.181269246922
42	79	0.181269246922
42	80	0.329679953964
42	85	0.329679953964
42	90	0.999088118034
42	95	0.181269246922
42	97	0.181269246922
42	99	0.994483435579
42	100	0.451188363906
42	101	0.329679953964
42	102	0.181269246922
42	106	0.632120558829
42	107	0.451188363906
42	113	0.550671035883
43	1	0.329679953964
43	3	0.329679953964
43	4	0.181269246922
43	7	0.181269246922
43	8	0.329679953964
43	10	0.181269246922
43	12	0.451188363906
43	13	0.939189937375
43	14	0.181269246922
43	16	0.329679953964
43	19	0.632120558829
43	25	0.181269246922
43	27	0.451188363906
43	30	0.181269246922
43	36	0.181269246922
43	39	0.181269246922
43	41	0.329679953964
43	42	0.329679953964
43	44	0.999992495442
43	45	0.999999949435
43	46	0.181269246922
43	48	0.329679953964
43	56	0.181269246922
43	63	0.329679953964
43	64	0.181269246922
43	65	0.632120558829
43	66	0.181269246922
43	69	0.977629228144
43	71	0.181269246922
43	72	0.329679953964
43	75	0.998639631962
43	78	0.181269246922
43	83	0.959237796022
43	84	0.181269246922
43	85	0.181269246922
43	88	0.181269246922
43	89	0.181269246922
43	93	0.329679953964
43	95	0.329679953964
43	96	0.181269246922
43	97	0.329679953964
43	105	0.181269246922
44	1	0.550671035883
44	3	0.864664716763
44	4	0.329679953964
44	8	0.181269246922
44	10	0.181269246922
44	12	0.632120558829
44	13	0.889196841638
44	15	0.181269246922
44	19	0.987722660097
44	21	0.181269246922
44	25	0.753403036058
44	26	0.181269246922
44	27	0.329679953964
44	31	0.181269246922
44	37	0.329679953964
44	41	0.181269246922
44	43	0.999992495442
44	45	0.999775132676
44	46	0.550671035883
44	47	0.181269246922
44	49	0.181269246922
44	54	0.632120558829
44	58	0.329679953964
44	60	0.181269246922
44	64	0.181269246922
44	65	0.329679953964
44	69	0.999994969544
44	71	0.181269246922
44	72	0.181269246922
44	74	0.181269246922
44	75	1.000000000000
44	78	0.329679953964
44	80	0.329679953964
44	88	0.451188363906
44	89	0.181269246922
44	90	0.329679953964
44	92	0.329679953964
44	93	0.181269246922
44	94	0.181269246922
44	99	0.181269246922
44	101	0.999999999242
44	110	0.181269246922
45	1	0.550671035883
45	2	0.451188363906
45	3	0.981684361111
45	4	0.798103482005
45	6	0.329679953964
45	7	0.181269246922
45	8	0.999954600070
45	10	0.181269246922
45	12	0.950212931632
45	13	0.909282046711
45	14	0.181269246922
45	16	0.181269246922
45	19	0.550671035883
45	21	0.329679953964
45	23	0.550671035883
45	25	0.632120558829
45	29	0.181269246922
45	30	0.329679953964
45	31	0.329679953964
45	33	0.329679953964
45	34	0.329679953964
45	35	0.329679953964
45	37	0.632120558829
45	38	0.329679953964
45	39	0.329679953964
45	41	0.550671035883
45	42	0.181269246922
45	43	0.999999949435
45	44	0.999775132676
45	46	0.798103482005
45	48	0.181269246922
45	49	0.181269246922
45	52	0.329679953964
45	53	0.451188363906
45	56	0.181269246922
45	57	0.329679953964
45	58	0.181269246922
45	62	0.181269246922
45	63	0.181269246922
45	65	0.550671035883
45	69	0.999999999772
45	71	0.181269246922
45	72	0.181269246922
45	75	0.999999972249
45	77	0.181269246922
45	78	0.798103482005
45	83	0.987722660097
45	85	0.181269246922
45	89	0.181269246922
45	90	0.181269246922
45	91	0.181269246922
45	93	0.451188363906
45	96	0.181269246922
45	97	0.181269246922
45	99	0.451188363906
45	101	0.550671035883
46	1	0.999775132676
46	2	0.753403036058
46	3	0.181269246922
46	4	0.632120558829
46	6	0.999988804515
46	8	0.972676277553
46	9	0.181269246922
46	10	0.864664716763
46	12	0.991770252951
46	13	0.550671035883
46	15	0.181269246922
46	17	0.981684361111
46	19	0.632120558829
46	20	0.995483419057
46	24	0.329679953964
46	25	0.329679953964
46	30	0.698805788088
46	31	0.889196841638
46	33	0.329679953964
46	39	0.181269246922
46	41	0.181269246922
46	43	0.181269246922
46	44	0.550671035883
46	45	0.798103482005
46	48	0.991770252951
46	49	0.181269246922
46	50	0.451188363906
46	53	0.451188363906
46	54	0.329679953964
46	55	0.181269246922
46	56	0.181269246922
46	57	0.181269246922
46	63	0.329679953964
46	64	0.181269246922
46	65	0.834701111778
46	67	0.996972445255
46	69	0.864664716763
46	70	0.753403036058
46	71	0.966626730040
46	72	0.181269246922
46	73	0.451188363906
46	74	0.985004423180
46	75	0.451188363906
46	77	0.329679953964
46	78	0.864664716763
46	79	0.451188363906
46	84	0.966626730040
46	86	0.698805788088
46	87	0.999999999492
46	88	0.698805788088
46	89	0.181269246922
46	90	0.329679953964
46	92	0.329679953964
46	96	0.181269246922
46	100	0.181269246922
46	101	0.632120558829
46	102	0.798103482005
46	106	0.999998484856
46	107	0.889196841638
46	109	0.181269246922
46	112	0.329679953964
47	1	0.698805788088
47	3	0.959237796022
47	4	1.000000000000
47	6	0.181269246922
47	8	0.996972445255
47	9	0.999999981398
47	10	0.181269246922
47	12	0.329679953964
47	13	0.181269246922
47	14	0.959237796022
47	15	0.181269246922
47	16	0.181269246922
47	17	0.181269246922
47	18	0.999996627985
47	19	0.329679953964
47	26	0.181269246922
47	31	0.451188363906
47	35	0.181269246922
47	44	0.181269246922
47	48	0.834701111778
47	62	0.994483435579
47	63	0.632120558829
47	64	0.181269246922
47	65	0.999954600070
47	66	0.999590265021
47	77	0.181269246922
47	78	0.181269246922
47	82	0.550671035883
47	90	0.181269246922
47	113	0.451188363906
48	1	0.999499548567
48	2	0.798103482005
48	3	0.798103482005
48	4	0.999775132676
48	5	0.181269246922
48	8	0.998338442727
48	9	0.834701111778
48	12	0.550671035883
48	13	0.181269246922
48	14	0.181269246922
48	17	0.181269246922
48	19	0.181269246922
48	23	0.329679953964
48	24	0.329679953964
48	27	0.451188363906
48	28	0.181269246922
48	29	0.181269246922
48	30	0.329679953964
48	31	0.909282046711
48	35	0.753403036058
48	38	0.181269246922
48	39	0.329679953964
48	43	0.329679953964
48	45	0.181269246922
48	46	0.991770252951
48	47	0.834701111778
48	55	0.451188363906
48	56	0.181269246922
48	57	0.798103482005
48	62	0.181269246922
48	64	0.181269246922
48	65	0.329679953964
48	66	0.999999862549
48	67	0.329679953964
48	68	0.181269246922
48	71	0.329679953964
48	74	0.329679953964
48	76	0.181269246922
48	83	0.181269246922
48	85	0.329679953964
48	86	0.329679953964
48	89	0.925726421786
48	92	0.181269246922
48	98	0.999997739671
48	100	0.181269246922
48	101	0.329679953964
48	103	0.181269246922
48	104	0.181269246922
48	108	0.181269246922
48	113	0.451188363906
49	1	0.698805788088
49	2	0.329679953964
49	3	0.993262053001
49	4	0.329679953964
49	6	0.977629228144
49	8	0.181269246922
49	10	0.451188363906
49	12	0.181269246922
49	14	0.181269246922
49	15	0.181269246922
49	16	0.329679953964
49	17	0.909282046711
49	19	0.998338442727
49	24	0.181269246922
49	25	0.181269246922
49	26	0.181269246922
49	30	0.329679953964
49	31	0.632120558829
49	34	0.181269246922
49	35	0.698805788088
49	41	0.181269246922
49	42	0.977629228144
49	44	0.181269246922
49	45	0.181269246922
49	46	0.181269246922
49	53	0.181269246922
49	60	0.181269246922
49	63	0.999499548567
49	64	0.550671035883
49	65	0.451188363906
49	68	0.329679953964
49	69	0.329679953964
49	70	0.181269246922
49	72	0.181269246922
49	73	0.632120558829
49	74	0.698805788088
49	76	0.989948164255
49	77	0.181269246922
49	84	0.181269246922
49	85	0.966626730040
49	86	0.329679953964
49	87	0.329679953964
49	99	0.550671035883
49	101	0.181269246922
49	105	0.181269246922
49	106	0.181269246922
49	108	0.181269246922
50	4	0.181269246922
50	11	0.181269246922
50	14	0.181269246922
50	19	0.181269246922
50	22	0.181269246922
50	23	0.181269246922
50	24	0.889196841638
50	31	0.181269246922
50	35	0.181269246922
50	39	0.181269246922
50	42	0.181269246922
50	46	0.451188363906
50	51	0.181269246922
50	52	0.999999998869
50	63	0.329679953964
50	64	0.329679953964
50	74	0.550671035883
50	77	0.181269246922
50	90	0.181269246922
50	91	0.181269246922
50	95	0.451188363906
50	106	0.181269246922
50	110	0.181269246922
51	4	0.181269246922
51	16	0.181269246922
51	24	0.451188363906
51	34	0.181269246922
51	35	0.451188363906
51	36	0.181269246922
51	42	0.181269246922
51	50	0.181269246922
51	52	0.939189937375
51	57	0.753403036058
51	58	0.329679953964
51	78	0.181269246922
51	95	0.181269246922
52	1	0.181269246922
52	3	0.698805788088
52	4	0.181269246922
52	8	0.181269246922
52	11	0.550671035883
52	12	0.181269246922
52	14	0.181269246922
52	16	0.550671035883
52	17	0.181269246922
52	22	0.451188363906
52	24	0.999979600497
52	25	0.181269246922
52	28	0.181269246922
52	29	0.753403036058
52	30	0.181269246922
52	31	0.181269246922
52	34	0.329679953964
52	39	0.550671035883
52	45	0.329679953964
52	50	0.999999998869
52	51	0.939189937375
52	57	0.632120558829
52	65	0.181269246922
52	72	0.889196841638
52	74	0.550671035883
52	77	0.329679953964
52	78	0.181269246922
52	80	0.959237796022
52	83	0.329679953964
52	86	0.451188363906
52	90	0.989948164255
52	91	0.889196841638
52	93	0.181269246922
52	95	0.972676277553
52	96	0.181269246922
52	97	0.698805788088
52	101	0.181269246922
52	105	0.181269246922
52	110	0.632120558829
53	1	0.181269246922
53	2	0.181269246922
53	3	0.329679953964
53	4	0.181269246922
53	6	0.329679953964
53	7	0.329679953964
53	10	0.329679953964
53	12	0.181269246922
53	14	0.181269246922
53	16	0.181269246922
53	17	0.329679953964
53	18	0.329679953964
53	19	0.329679953964
53	23	0.451188363906
53	24	0.329679953964
53	25	0.451188363906
53	28	0.329679953964
53	30	0.181269246922
53	31	0.632120558829
53	33	0.181269246922
53	36	0.181269246922
53	37	0.329679953964
53	38	0.181269246922
53	39	0.632120558829
53	40	1.000000000000
53	41	0.329679953964
53	42	0.329679953964
53	45	0.451188363906
53	46	0.451188363906
53	49	0.181269246922
53	54	0.451188363906
53	55	1.000000000000
53	56	0.999999999969
53	58	0.550671035883
53	59	0.181269246922
53	63	0.181269246922
53	64	0.329679953964
53	65	0.451188363906
53	66	0.181269246922
53	69	0.181269246922
53	71	0.329679953964
53	72	0.329679953964
53	74	0.550671035883
53	75	0.329679953964
53	76	0.181269246922
53	83	0.181269246922
53	87	0.632120558829
53	91	0.181269246922
53	92	0.329679953964
53	93	0.550671035883
53	97	0.451188363906
53	99	0.181269246922
53	101	0.329679953964
53	102	0.451188363906
53	104	0.181269246922
53	105	0.181269246922
53	106	0.451188363906
53	110	0.181269246922
54	1	0.753403036058
54	3	0.181269246922
54	4	0.698805788088
54	5	0.999994969544
54	6	0.925726421786
54	7	0.181269246922
54	8	0.329679953964
54	12	0.753403036058
54	15	0.181269246922
54	17	0.329679953964
54	18	0.181269246922
54	19	0.550671035883
54	21	0.181269246922
54	23	0.999999999962
54	25	0.329679953964
54	27	0.329679953964
54	28	0.977629228144
54	31	0.329679953964
54	32	0.999917275934
54	34	0.181269246922
54	36	0.181269246922
54	38	0.834701111778
54	39	0.181269246922
54	42	0.977629228144
54	44	0.632120558829
54	46	0.329679953964
54	53	0.451188363906
54	55	0.181269246922
54	57	0.632120558829
54	63	0.698805788088
54	64	0.864664716763
54	65	0.996302136284
54	66	0.451188363906
54	68	0.181269246922
54	69	0.181269246922
54	70	0.181269246922
54	71	0.698805788088
54	72	1.000000000000
54	74	0.181269246922
54	75	0.451188363906
54	77	0.181269246922
54	79	0.181269246922
54	84	0.181269246922
54	87	0.550671035883
54	90	0.181269246922
54	92	0.181269246922
54	93	0.329679953964
54	96	0.329679953964
54	99	0.181269246922
54	101	0.981684361111
55	5	0.181269246922
55	7	0.698805788088
55	8	0.181269246922
55	10	0.329679953964
55	20	0.181269246922
55	24	0.181269246922
55	27	0.181269246922
55	30	0.181269246922
55	36	0.329679953964
55	37	0.329679953964
55	38	0.181269246922
55	40	1.000000000000
55	46	0.181269246922
55	48	0.451188363906
55	53	1.000000000000
55	54	0.181269246922
55	56	0.999999999916
55	59	0.181269246922
55	60	0.181269246922
55	63	0.798103482005
55	65	0.550671035883
55	67	0.181269246922
55	70	0.329679953964
55	71	0.181269246922
55	72	0.181269246922
55	74	0.451188363906
55	75	0.451188363906
55	76	0.329679953964
55	77	0.181269246922
55	78	0.329679953964
55	83	0.550671035883
55	87	0.181269246922
55	92	0.329679953964
55	101	0.181269246922
55	113	0.329679953964
56	3	0.550671035883
56	4	0.181269246922
56	5	0.181269246922
56	6	0.181269246922
56	7	0.181269246922
56	15	0.181269246922
56	17	0.329679953964
56	19	0.181269246922
56	21	0.329679953964
56	24	0.181269246922
56	25	0.181269246922
56	27	0.181269246922
56	31	0.181269246922
56	34	0.329679953964
56	37	0.329679953964
56	39	0.181269246922
56	40	0.999999999931
56	43	0.181269246922
56	45	0.181269246922
56	46	0.181269246922
56	48	0.181269246922
56	53	0.999999999969
56	55	0.999999999916
56	57	0.181269246922
56	63	0.181269246922
56	64	0.181269246922
56	66	0.181269246922
56	74	0.181269246922
56	77	0.181269246922
56	79	0.181269246922
56	85	0.181269246922
56	87	0.181269246922
56	91	0.181269246922
56	93	0.329679953964
56	105	0.181269246922
56	113	0.925726421786
57	1	0.798103482005
57	2	0.909282046711
57	3	0.834701111778
57	4	0.181269246922
57	6	0.698805788088
57	7	0.181269246922
57	8	0.972676277553
57	11	0.451188363906
57	12	0.753403036058
57	13	0.329679953964
57	14	0.451188363906
57	15	0.181269246922
57	16	0.329679953964
57	19	0.329679953964
57	23	0.987722660097
57	24	0.987722660097
57	25	0.451188363906
57	27	0.864664716763
57	28	0.181269246922
57	31	0.181269246922
57	35	0.181269246922
57	36	0.451188363906
57	37	0.181269246922
57	40	0.181269246922
57	45	0.329679953964
57	46	0.181269246922
57	48	0.798103482005
57	51	0.753403036058
57	52	0.632120558829
57	54	0.632120558829
57	56	0.181269246922
57	58	0.329679953964
57	62	0.181269246922
57	63	0.181269246922
57	64	0.181269246922
57	65	0.753403036058
57	67	0.181269246922
57	70	0.632120558829
57	71	0.999775132676
57	72	0.181269246922
57	74	0.181269246922
57	75	0.181269246922
57	78	0.181269246922
57	79	0.181269246922
57	80	0.329679953964
57	85	0.181269246922
57	87	0.972676277553
57	88	0.181269246922
57	90	0.997521247823
57	92	0.181269246922
57	93	0.632120558829
57	96	0.925726421786
57	100	0.181269246922
57	101	0.939189937375
57	106	0.329679953964
58	1	0.753403036058
58	3	0.329679953964
58	6	0.632120558829
58	7	0.329679953964
58	10	0.834701111778
58	12	0.550671035883
58	13	0.329679953964
58	14	0.181269246922
58	16	0.329679953964
58	17	0.181269246922
58	19	0.329679953964
58	21	0.632120558829
58	24	0.181269246922
58	25	0.181269246922
58	29	0.181269246922
58	31	0.181269246922
58	32	0.181269246922
58	34	0.329679953964
58	35	0.181269246922
58	42	0.550671035883
58	44	0.329679953964
58	45	0.181269246922
58	51	0.329679953964
58	53	0.550671035883
58	57	0.329679953964
58	60	0.181269246922
58	63	0.834701111778
58	64	0.329679953964
58	65	0.329679953964
58	66	0.181269246922
58	70	0.972676277553
58	72	0.181269246922
58	73	0.181269246922
58	74	0.925726421786
58	78	0.181269246922
58	81	0.329679953964
58	88	0.181269246922
58	89	0.632120558829
58	90	0.698805788088
58	92	0.181269246922
58	93	0.834701111778
58	94	0.451188363906
58	95	0.329679953964
58	101	0.181269246922
58	106	0.550671035883
59	3	0.550671035883
59	10	0.181269246922
59	15	0.181269246922
59	21	0.329679953964
59	30	0.181269246922
59	35	0.181269246922
59	36	0.451188363906
59	39	0.181269246922
59	40	0.181269246922
59	41	0.991770252951
59	42	0.329679953964
59	53	0.181269246922
59	55	0.181269246922
59	63	0.181269246922
59	65	0.451188363906
59	72	0.181269246922
59	79	0.181269246922
59	108	0.181269246922
60	3	0.451188363906
60	8	0.451188363906
60	12	0.181269246922
60	15	0.329679953964
60	18	0.181269246922
60	24	0.181269246922
60	26	0.181269246922
60	31	0.181269246922
60	32	0.329679953964
60	36	0.181269246922
60	39	0.181269246922
60	44	0.181269246922
60	49	0.181269246922
60	55	0.181269246922
60	58	0.181269246922
60	65	0.550671035883
60	69	0.181269246922
60	76	0.181269246922
60	78	0.181269246922
60	91	0.329679953964
60	94	0.181269246922
61	1	0.451188363906
61	3	0.329679953964
61	12	0.181269246922
61	16	0.698805788088
61	17	0.329679953964
61	34	0.889196841638
61	37	0.451188363906
61	67	0.181269246922
61	68	0.550671035883
61	81	0.864664716763
61	90	0.329679953964
61	91	0.329679953964
62	1	0.834701111778
62	3	0.753403036058
62	4	0.999954600070
62	8	0.966626730040
62	9	0.999388747239
62	14	0.181269246922
62	45	0.181269246922
62	47	0.994483435579
62	48	0.181269246922
62	57	0.181269246922
62	66	0.997970569364
62	69	0.550671035883
62	78	0.181269246922
62	83	0.996972445255
62	87	0.181269246922
62	92	0.181269246922
62	102	0.181269246922
63	1	0.753403036058
63	3	0.550671035883
63	4	0.329679953964
63	6	0.977629228144
63	7	0.329679953964
63	8	0.550671035883
63	10	0.632120558829
63	12	0.977629228144
63	13	0.864664716763
63	14	1.000000000000
63	15	0.995483419057
63	16	0.977629228144
63	17	0.995483419057
63	19	0.632120558829
63	22	0.834701111778
63	24	0.999388747239
63	25	0.753403036058
63	27	0.181269246922
63	28	0.329679953964
63	30	0.864664716763
63	31	0.999999832117
63	33	0.181269246922
63	35	0.999999989791
63	36	0.181269246922
63	37	0.977629228144
63	38	0.181269246922
63	43	0.329679953964
63	45	0.181269246922
63	46	0.329679953964
63	47	0.632120558829
63	49	0.999499548567
63	50	0.329679953964
63	53	0.181269246922
63	54	0.698805788088
63	55	0.798103482005
63	56	0.181269246922
63	57	0.181269246922
63	58	0.834701111778
63	59	0.181269246922
63	64	0.999917275934
63	65	0.632120558829
63	69	0.451188363906
63	70	0.181269246922
63	72	0.698805788088
63	73	0.999664537372
63	74	0.698805788088
63	76	0.991770252951
63	77	0.939189937375
63	79	0.181269246922
63	83	0.329679953964
63	85	0.999725346430
63	86	0.181269246922
63	87	0.181269246922
63	88	0.834701111778
63	89	0.181269246922
63	90	0.181269246922
63	91	0.451188363906
63	92	0.329679953964
63	93	0.181269246922
63	95	0.698805788088
63	99	0.329679953964
63	100	0.181269246922
63	102	0.181269246922
63	104	0.181269246922
63	105	0.329679953964
63	106	0.632120558829
63	107	0.181269246922
63	110	0.181269246922
63	113	0.550671035883
64	3	0.451188363906
64	6	0.632120558829
64	8	0.632120558829
64	10	0.329679953964
64	12	0.864664716763
64	14	0.999986325804
64	15	0.181269246922
64	16	0.181269246922
64	19	0.329679953964
64	21	0.181269246922
64	22	0.181269246922
64	23	0.181269246922
64	25	0.181269246922
64	28	0.181269246922
64	29	0.181269246922
64	31	0.909282046711
64	33	0.181269246922
64	35	0.999975083990
64	36	0.329679953964
64	42	0.181269246922
64	43	0.181269246922
64	44	0.181269246922
64	46	0.181269246922
64	47	0.181269246922
64	48	0.181269246922
64	49	0.550671035883
64	50	0.329679953964
64	53	0.329679953964
64	54	0.864664716763
64	56	0.181269246922
64	57	0.181269246922
64	58	0.329679953964
64	63	0.999917275934
64	65	0.632120558829
64	72	0.451188363906
64	74	0.997521247823
64	78	0.329679953964
64	85	0.181269246922
64	87	0.181269246922
64	88	0.329679953964
64	89	0.181269246922
64	93	0.632120558829
64	108	0.181269246922
64	113	0.834701111778
65	1	0.950212931632
65	2	0.972676277553
65	3	0.698805788088
65	4	0.834701111778
65	6	0.698805788088
65	8	0.959237796022
65	9	0.972676277553
65	10	0.632120558829
65	12	0.998639631962
65	13	0.181269246922
65	14	0.181269246922
65	15	0.451188363906
65	16	0.329679953964
65	17	0.181269246922
65	18	0.999993855788
65	19	0.864664716763
65	23	0.329679953964
65	24	0.451188363906
65	25	0.939189937375
65	27	0.329679953964
65	29	0.181269246922
65	30	0.329679953964
65	31	0.999992495442
65	32	0.181269246922
65	33	0.181269246922
65	34	0.181269246922
65	35	0.753403036058
65	36	0.329679953964
65	37	0.181269246922
65	38	0.999962829681
65	39	0.698805788088
65	42	0.451188363906
65	43	0.632120558829
65	44	0.329679953964
65	45	0.550671035883
65	46	0.834701111778
65	47	0.999954600070
65	48	0.329679953964
65	49	0.451188363906
65	52	0.181269246922
65	53	0.451188363906
65	54	0.996302136284
65	55	0.550671035883
65	57	0.753403036058
65	58	0.329679953964
65	59	0.451188363906
65	60	0.550671035883
65	63	0.632120558829
65	64	0.632120558829
65	66	0.632120558829
65	69	0.329679953964
65	71	0.993262053001
65	72	0.632120558829
65	73	0.451188363906
65	74	0.950212931632
65	75	0.550671035883
65	76	0.181269246922
65	77	0.329679953964
65	78	0.451188363906
65	79	0.329679953964
65	80	0.181269246922
65	83	0.999725346430
65	84	0.834701111778
65	85	0.698805788088
65	87	0.329679953964
65	89	0.972676277553
65	90	0.181269246922
65	91	0.550671035883
65	93	0.329679953964
65	95	0.181269246922
65	96	0.329679953964
65	97	0.181269246922
65	98	0.181269246922
65	99	0.181269246922
65	100	0.181269246922
65	101	0.181269246922
65	102	0.181269246922
65	106	0.632120558829
65	107	0.966626730040
65	112	0.753403036058
65	113	0.966626730040
66	1	0.834701111778
66	3	0.181269246922
66	4	0.999999999962
66	7	0.329679953964
66	8	0.999664537372
66	12	0.989948164255
66	13	0.798103482005
66	19	0.181269246922
66	23	0.181269246922
66	25	0.181269246922
66	26	0.329679953964
66	31	0.451188363906
66	43	0.181269246922
66	47	0.999590265021
66	48	0.999999862549
66	53	0.181269246922
66	54	0.451188363906
66	56	0.181269246922
66	58	0.181269246922
66	62	0.997970569364
66	65	0.632120558829
66	69	0.950212931632
66	77	0.329679953964
66	78	0.550671035883
66	82	0.999990833912
66	83	0.698805788088
66	88	0.329679953964
66	90	0.181269246922
66	91	0.181269246922
66	93	0.950212931632
66	95	0.181269246922
66	98	0.181269246922
66	110	0.181269246922
67	1	0.181269246922
67	3	0.550671035883
67	4	0.329679953964
67	12	0.632120558829
67	13	0.181269246922
67	17	0.181269246922
67	19	0.181269246922
67	31	0.451188363906
67	35	0.181269246922
67	37	0.753403036058
67	41	0.550671035883
67	42	0.632120558829
67	46	0.996972445255
67	48	0.329679953964
67	55	0.181269246922
67	57	0.181269246922
67	61	0.181269246922
67	70	0.550671035883
67	71	0.329679953964
67	77	0.181269246922
67	87	0.909282046711
67	89	0.550671035883
67	90	0.834701111778
67	94	0.181269246922
67	95	0.329679953964
67	100	0.798103482005
67	101	0.329679953964
67	107	0.329679953964
68	3	0.181269246922
68	6	0.181269246922
68	12	0.864664716763
68	13	0.329679953964
68	15	0.181269246922
68	25	0.181269246922
68	37	0.451188363906
68	48	0.181269246922
68	49	0.329679953964
68	54	0.181269246922
68	61	0.550671035883
68	71	0.981684361111
68	72	0.181269246922
68	76	0.181269246922
68	90	0.329679953964
68	108	0.550671035883
69	1	0.798103482005
69	3	0.181269246922
69	4	0.451188363906
69	6	0.698805788088
69	8	1.000000000000
69	10	0.181269246922
69	12	0.999992495442
69	13	0.999088118034
69	14	0.181269246922
69	17	0.698805788088
69	18	0.181269246922
69	19	0.995483419057
69	21	0.181269246922
69	24	0.181269246922
69	25	0.834701111778
69	27	0.181269246922
69	30	0.329679953964
69	31	0.925726421786
69	34	0.329679953964
69	37	0.999962829681
69	41	0.834701111778
69	42	0.329679953964
69	43	0.977629228144
69	44	0.999994969544
69	45	0.999999999772
69	46	0.864664716763
69	49	0.329679953964
69	53	0.181269246922
69	54	0.181269246922
69	60	0.181269246922
69	62	0.550671035883
69	63	0.451188363906
69	65	0.329679953964
69	66	0.950212931632
69	72	0.329679953964
69	73	0.181269246922
69	75	0.798103482005
69	78	0.966626730040
69	81	0.181269246922
69	82	0.181269246922
69	83	0.632120558829
69	84	0.950212931632
69	85	0.181269246922
69	86	0.181269246922
69	88	0.889196841638
69	89	0.451188363906
69	90	0.329679953964
69	92	0.181269246922
69	93	0.181269246922
69	95	0.181269246922
69	96	0.329679953964
69	97	0.181269246922
69	99	0.451188363906
69	100	0.451188363906
69	101	0.550671035883
69	106	0.181269246922
69	107	0.181269246922
69	109	0.181269246922
69	110	0.181269246922
70	1	0.451188363906
70	2	0.550671035883
70	3	0.972676277553
70	6	0.834701111778
70	7	0.181269246922
70	8	0.181269246922
70	9	0.181269246922
70	12	0.550671035883
70	15	0.181269246922
70	19	0.181269246922
70	22	0.834701111778
70	23	0.181269246922
70	24	0.329679953964
70	25	0.181269246922
70	30	0.181269246922
70	32	0.181269246922
70	34	0.329679953964
70	39	0.181269246922
70	42	0.998338442727
70	46	0.753403036058
70	49	0.181269246922
70	54	0.181269246922
70	55	0.329679953964
70	57	0.632120558829
70	58	0.972676277553
70	63	0.181269246922
70	67	0.550671035883
70	72	0.329679953964
70	74	0.329679953964
70	90	0.999992495442
70	91	0.550671035883
70	92	0.550671035883
70	93	0.329679953964
70	94	0.451188363906
70	100	0.451188363906
70	113	0.451188363906
71	1	0.451188363906
71	2	0.181269246922
71	3	0.753403036058
71	4	0.181269246922
71	5	0.329679953964
71	6	0.999999749548
71	8	0.451188363906
71	12	0.329679953964
71	13	0.181269246922
71	16	0.181269246922
71	20	0.834701111778
71	22	0.181269246922
71	23	0.864664716763
71	27	0.181269246922
71	30	0.181269246922
71	31	0.950212931632
71	32	0.181269246922
71	37	0.550671035883
71	38	0.889196841638
71	40	0.798103482005
71	43	0.181269246922
71	44	0.181269246922
71	45	0.181269246922
71	46	0.966626730040
71	48	0.329679953964
71	53	0.329679953964
71	54	0.698805788088
71	55	0.181269246922
71	57	0.999775132676
71	65	0.993262053001
71	67	0.329679953964
71	68	0.981684361111
71	72	0.999999749548
71	75	0.181269246922
71	79	0.834701111778
71	80	0.451188363906
71	83	0.939189937375
71	84	0.798103482005
71	85	0.181269246922
71	86	0.329679953964
71	89	0.753403036058
71	95	0.181269246922
71	100	0.550671035883
71	101	0.181269246922
71	113	0.329679953964
72	1	0.329679953964
72	3	0.864664716763
72	4	0.329679953964
72	5	0.999999168471
72	8	0.329679953964
72	10	0.181269246922
72	11	0.181269246922
72	12	0.999253414192
72	14	0.329679953964
72	15	0.550671035883
72	17	0.889196841638
72	19	0.181269246922
72	20	0.181269246922
72	21	0.181269246922
72	22	0.181269246922
72	23	1.000000000000
72	24	0.329679953964
72	26	0.181269246922
72	27	0.181269246922
72	28	0.999999999997
72	29	0.181269246922
72	31	0.994483435579
72	34	0.329679953964
72	35	0.181269246922
72	36	0.181269246922
72	37	0.698805788088
72	38	0.550671035883
72	40	0.181269246922
72	41	0.181269246922
72	42	0.329679953964
72	43	0.329679953964
72	44	0.181269246922
72	45	0.181269246922
72	46	0.181269246922
72	49	0.181269246922
72	52	0.889196841638
72	53	0.329679953964
72	54	1.000000000000
72	55	0.181269246922
72	57	0.181269246922
72	58	0.181269246922
72	59	0.181269246922
72	63	0.698805788088
72	64	0.451188363906
72	65	0.632120558829
72	68	0.181269246922
72	69	0.329679953964
72	70	0.329679953964
72	71	0.999999749548
72	73	0.451188363906
72	74	0.329679953964
72	75	0.181269246922
72	78	0.181269246922
72	79	0.181269246922
72	85	0.181269246922
72	86	0.181269246922
72	88	0.181269246922
72	95	0.753403036058
72	101	0.181269246922
72	105	0.181269246922
72	106	0.966626730040
72	108	0.181269246922
73	1	0.451188363906
73	3	0.181269246922
73	4	0.181269246922
73	5	0.181269246922
73	6	0.753403036058
73	10	0.999962829681
73	16	0.698805788088
73	17	0.999954600070
73	19	1.000000000000
73	21	0.329679953964
73	24	0.181269246922
73	25	0.451188363906
73	26	0.181269246922
73	28	0.550671035883
73	30	0.181269246922
73	31	0.181269246922
73	33	0.451188363906
73	35	0.329679953964
73	36	0.181269246922
73	46	0.451188363906
73	49	0.632120558829
73	58	0.181269246922
73	63	0.999664537372
73	65	0.451188363906
73	69	0.181269246922
73	72	0.451188363906
73	76	0.329679953964
73	77	0.181269246922
73	84	0.939189937375
73	85	0.181269246922
73	86	0.999499548567
73	90	0.959237796022
73	92	0.329679953964
73	101	0.181269246922
73	103	0.181269246922
74	1	0.981684361111
74	3	0.181269246922
74	6	0.999917275934
74	8	0.181269246922
74	10	0.950212931632
74	12	0.999849266925
74	13	0.329679953964
74	14	0.550671035883
74	15	0.995483419057
74	16	0.698805788088
74	17	0.550671035883
74	22	0.977629228144
74	23	0.451188363906
74	24	0.889196841638
74	25	0.550671035883
74	31	0.864664716763
74	34	0.181269246922
74	35	0.181269246922
74	37	0.698805788088
74	38	0.181269246922
74	41	0.181269246922
74	44	0.181269246922
74	46	0.985004423180
74	48	0.329679953964
74	49	0.698805788088
74	50	0.550671035883
74	52	0.550671035883
74	53	0.550671035883
74	54	0.181269246922
74	55	0.451188363906
74	56	0.181269246922
74	57	0.181269246922
74	58	0.925726421786
74	63	0.698805788088
74	64	0.997521247823
74	65	0.950212931632
74	70	0.329679953964
74	72	0.329679953964
74	76	0.981684361111
74	77	0.451188363906
74	78	0.698805788088
74	80	0.329679953964
74	83	0.329679953964
74	84	0.451188363906
74	86	0.632120558829
74	88	0.632120558829
74	90	0.550671035883
74	91	0.550671035883
74	95	0.451188363906
74	96	0.909282046711
74	100	0.977629228144
74	101	0.181269246922
74	105	0.834701111778
74	107	0.451188363906
74	109	0.329679953964
74	110	0.550671035883
75	2	0.329679953964
75	3	0.451188363906
75	4	0.753403036058
75	6	0.181269246922
75	7	0.181269246922
75	10	0.329679953964
75	12	0.329679953964
75	13	0.950212931632
75	17	0.181269246922
75	19	0.889196841638
75	27	0.329679953964
75	30	0.181269246922
75	38	0.181269246922
75	39	0.451188363906
75	40	0.181269246922
75	43	0.998639631962
75	44	1.000000000000
75	45	0.999999972249
75	46	0.451188363906
75	53	0.329679953964
75	54	0.451188363906
75	55	0.451188363906
75	57	0.181269246922
75	65	0.550671035883
75	69	0.798103482005
75	71	0.181269246922
75	72	0.181269246922
75	84	0.632120558829
75	88	0.181269246922
75	98	0.181269246922
75	100	0.181269246922
75	101	0.181269246922
75	106	0.451188363906
76	1	0.999088118034
76	2	0.329679953964
76	3	0.889196841638
76	4	0.181269246922
76	6	0.925726421786
76	9	0.329679953964
76	10	0.698805788088
76	11	0.864664716763
76	12	0.632120558829
76	13	0.698805788088
76	14	0.329679953964
76	15	0.451188363906
76	16	0.632120558829
76	17	0.753403036058
76	19	0.181269246922
76	21	0.181269246922
76	26	0.181269246922
76	29	0.181269246922
76	31	0.925726421786
76	35	0.181269246922
76	42	0.181269246922
76	48	0.181269246922
76	49	0.989948164255
76	53	0.181269246922
76	55	0.329679953964
76	60	0.181269246922
76	63	0.991770252951
76	65	0.181269246922
76	68	0.181269246922
76	73	0.329679953964
76	74	0.981684361111
76	78	0.798103482005
76	83	0.451188363906
76	90	0.994483435579
76	93	0.181269246922
76	96	0.181269246922
76	97	0.181269246922
76	101	0.632120558829
76	107	0.550671035883
77	1	0.550671035883
77	2	0.329679953964
77	6	0.451188363906
77	7	0.181269246922
77	12	0.798103482005
77	15	0.181269246922
77	17	0.329679953964
77	19	0.181269246922
77	22	0.329679953964
77	24	0.451188363906
77	31	0.181269246922
77	35	0.329679953964
77	38	0.329679953964
77	39	0.329679953964
77	45	0.181269246922
77	46	0.329679953964
77	47	0.181269246922
77	49	0.181269246922
77	50	0.181269246922
77	52	0.329679953964
77	54	0.181269246922
77	55	0.181269246922
77	56	0.181269246922
77	63	0.939189937375
77	65	0.329679953964
77	66	0.329679953964
77	67	0.181269246922
77	73	0.181269246922
77	74	0.451188363906
77	78	0.925726421786
77	79	0.181269246922
77	85	0.329679953964
77	86	0.451188363906
77	90	0.834701111778
77	91	0.181269246922
77	93	0.181269246922
77	96	0.181269246922
77	105	0.329679953964
77	106	0.181269246922
77	110	0.181269246922
77	112	0.181269246922
78	1	0.999954600070
78	2	0.181269246922
78	3	0.909282046711
78	5	0.181269246922
78	6	0.451188363906
78	8	0.991770252951
78	9	0.834701111778
78	10	0.181269246922
78	12	1.000000000000
78	13	0.991770252951
78	14	0.550671035883
78	15	0.181269246922
78	19	0.864664716763
78	21	0.181269246922
78	23	0.181269246922
78	24	0.181269246922
78	25	0.834701111778
78	26	0.998639631962
78	28	0.181269246922
78	29	0.181269246922
78	30	0.550671035883
78	31	0.329679953964
78	34	0.550671035883
78	35	0.451188363906
78	36	0.451188363906
78	39	0.451188363906
78	43	0.181269246922
78	44	0.329679953964
78	45	0.798103482005
78	46	0.864664716763
78	47	0.181269246922
78	51	0.181269246922
78	52	0.181269246922
78	55	0.329679953964
78	57	0.181269246922
78	58	0.181269246922
78	60	0.181269246922
78	62	0.181269246922
78	64	0.329679953964
78	65	0.451188363906
78	66	0.550671035883
78	69	0.966626730040
78	72	0.181269246922
78	74	0.698805788088
78	76	0.798103482005
78	77	0.925726421786
78	81	0.889196841638
78	82	0.451188363906
78	86	0.181269246922
78	89	0.999962829681
78	113	0.698805788088
79	31	0.181269246922
79	35	0.181269246922
79	37	0.181269246922
79	39	0.329679953964
79	42	0.181269246922
79	46	0.451188363906
79	54	0.181269246922
79	56	0.181269246922
79	57	0.181269246922
79	59	0.181269246922
79	63	0.181269246922
79	65	0.329679953964
79	71	0.834701111778
79	72	0.181269246922
79	77	0.181269246922
79	83	0.181269246922
79	85	0.181269246922
79	98	0.329679953964
79	102	0.329679953964
79	113	0.329679953964
80	14	0.181269246922
80	16	0.181269246922
80	18	0.181269246922
80	24	0.451188363906
80	42	0.329679953964
80	44	0.329679953964
80	52	0.959237796022
80	57	0.329679953964
80	65	0.181269246922
80	71	0.451188363906
80	74	0.329679953964
80	90	0.181269246922
80	95	0.632120558829
80	105	0.451188363906
80	107	0.181269246922
81	1	0.329679953964
81	3	0.181269246922
81	4	0.329679953964
81	6	0.181269246922
81	9	0.181269246922
81	12	0.798103482005
81	17	0.451188363906
81	22	0.329679953964
81	27	0.864664716763
81	31	0.181269246922
81	34	0.181269246922
81	36	0.181269246922
81	37	0.959237796022
81	41	0.834701111778
81	58	0.329679953964
81	61	0.864664716763
81	69	0.181269246922
81	78	0.889196841638
82	1	0.181269246922
82	3	0.632120558829
82	4	0.999990833912
82	6	0.181269246922
82	8	0.632120558829
82	9	0.550671035883
82	12	0.181269246922
82	47	0.550671035883
82	66	0.999990833912
82	69	0.181269246922
82	78	0.451188363906
83	1	0.181269246922
83	6	0.550671035883
83	9	0.329679953964
83	10	0.451188363906
83	12	0.550671035883
83	13	0.985004423180
83	14	0.181269246922
83	15	0.329679953964
83	16	0.329679953964
83	19	0.451188363906
83	22	0.451188363906
83	24	0.181269246922
83	25	0.181269246922
83	30	0.181269246922
83	31	0.329679953964
83	35	0.181269246922
83	37	0.181269246922
83	38	0.181269246922
83	40	0.632120558829
83	41	0.181269246922
83	43	0.959237796022
83	45	0.987722660097
83	48	0.181269246922
83	52	0.329679953964
83	53	0.181269246922
83	55	0.550671035883
83	62	0.996972445255
83	63	0.329679953964
83	65	0.999725346430
83	66	0.698805788088
83	69	0.632120558829
83	71	0.939189937375
83	74	0.329679953964
83	76	0.451188363906
83	79	0.181269246922
83	86	0.329679953964
83	87	0.181269246922
83	88	0.999775132676
83	90	0.909282046711
83	101	0.997970569364
84	3	0.550671035883
84	9	0.550671035883
84	10	0.329679953964
84	11	0.181269246922
84	14	0.329679953964
84	18	0.181269246922
84	19	0.181269246922
84	21	0.181269246922
84	22	0.181269246922
84	25	0.550671035883
84	27	0.550671035883
84	30	0.753403036058
84	31	0.329679953964
84	33	0.181269246922
84	37	0.329679953964
84	38	0.451188363906
84	39	0.181269246922
84	43	0.181269246922
84	46	0.966626730040
84	49	0.181269246922
84	54	0.181269246922
84	65	0.834701111778
84	69	0.950212931632
84	71	0.798103482005
84	73	0.939189937375
84	74	0.451188363906
84	75	0.632120558829
84	85	0.181269246922
84	86	0.999999938239
84	87	0.181269246922
84	92	0.966626730040
84	96	0.181269246922
84	97	0.632120558829
84	106	0.451188363906
84	113	0.451188363906
85	1	0.329679953964
85	3	0.181269246922
85	6	0.753403036058
85	7	0.959237796022
85	10	0.329679953964
85	12	0.950212931632
85	13	0.181269246922
85	14	0.329679953964
85	17	0.181269246922
85	19	0.181269246922
85	25	0.925726421786
85	27	0.753403036058
85	31	0.181269246922
85	35	0.181269246922
85	37	0.181269246922
85	42	0.329679953964
85	43	0.181269246922
85	45	0.181269246922
85	48	0.329679953964
85	49	0.966626730040
85	56	0.181269246922
85	57	0.181269246922
85	63	0.999725346430
85	64	0.181269246922
85	65	0.698805788088
85	69	0.181269246922
85	71	0.181269246922
85	72	0.181269246922
85	73	0.181269246922
85	77	0.329679953964
85	79	0.181269246922
85	84	0.181269246922
85	86	0.181269246922
85	87	0.451188363906
85	92	0.181269246922
85	100	0.329679953964
85	101	0.181269246922
85	102	0.550671035883
85	103	0.181269246922
85	108	0.181269246922
85	113	0.181269246922
86	2	0.864664716763
86	3	0.834701111778
86	4	0.181269246922
86	6	0.753403036058
86	8	0.181269246922
86	9	0.181269246922
86	10	0.329679953964
86	15	0.181269246922
86	17	0.181269246922
86	19	0.939189937375
86	21	0.181269246922
86	22	0.181269246922
86	24	0.329679953964
86	25	0.181269246922
86	30	0.999999999813
86	34	0.329679953964
86	37	0.550671035883
86	38	0.181269246922
86	39	0.451188363906
86	46	0.698805788088
86	48	0.329679953964
86	49	0.329679953964
86	52	0.451188363906
86	63	0.181269246922
86	69	0.181269246922
86	71	0.329679953964
86	72	0.181269246922
86	73	0.999499548567
86	74	0.632120558829
86	77	0.451188363906
86	78	0.181269246922
86	83	0.329679953964
86	84	0.999999938239
86	85	0.181269246922
86	87	0.632120558829
86	89	0.181269246922
86	95	0.181269246922
86	99	0.181269246922
86	101	0.329679953964
86	106	0.329679953964
86	109	0.181269246922
86	112	0.181269246922
86	113	0.834701111778
87	1	0.451188363906
87	3	0.632120558829
87	6	0.181269246922
87	12	0.550671035883
87	18	0.181269246922
87	20	0.995483419057
87	21	0.451188363906
87	23	0.181269246922
87	24	0.550671035883
87	25	0.181269246922
87	27	0.181269246922
87	30	0.909282046711
87	31	0.329679953964
87	35	0.550671035883
87	37	0.989948164255
87	38	0.329679953964
87	40	0.329679953964
87	41	0.181269246922
87	46	0.999999999492
87	49	0.329679953964
87	53	0.632120558829
87	54	0.550671035883
87	55	0.181269246922
87	56	0.181269246922
87	57	0.972676277553
87	62	0.181269246922
87	63	0.181269246922
87	64	0.181269246922
87	65	0.329679953964
87	67	0.909282046711
87	83	0.181269246922
87	84	0.181269246922
87	85	0.451188363906
87	86	0.632120558829
87	88	0.181269246922
87	89	0.181269246922
87	90	0.181269246922
87	91	0.181269246922
87	93	0.181269246922
87	94	0.181269246922
87	96	0.329679953964
87	101	0.181269246922
87	102	0.329679953964
87	103	0.329679953964
87	104	0.181269246922
87	106	0.999954600070
87	107	0.889196841638
87	110	0.981684361111
87	113	0.550671035883
88	1	0.698805788088
88	3	0.698805788088
88	6	0.864664716763
88	8	0.329679953964
88	12	0.939189937375
88	13	0.889196841638
88	14	0.753403036058
88	15	0.994483435579
88	16	0.451188363906
88	17	0.753403036058
88	21	0.451188363906
88	29	0.181269246922
88	31	0.834701111778
88	35	0.698805788088
88	36	0.632120558829
88	39	0.181269246922
88	40	0.698805788088
88	43	0.181269246922
88	44	0.451188363906
88	46	0.698805788088
88	57	0.181269246922
88	58	0.181269246922
88	63	0.834701111778
88	64	0.329679953964
88	66	0.329679953964
88	69	0.889196841638
88	72	0.181269246922
88	74	0.632120558829
88	75	0.181269246922
88	83	0.999775132676
88	87	0.181269246922
88	101	0.798103482005
89	1	0.181269246922
89	3	0.753403036058
89	6	0.632120558829
89	7	0.181269246922
89	8	0.181269246922
89	10	0.329679953964
89	12	0.451188363906
89	13	0.181269246922
89	14	0.329679953964
89	19	0.864664716763
89	22	0.181269246922
89	24	0.181269246922
89	25	0.181269246922
89	38	0.181269246922
89	43	0.181269246922
89	44	0.181269246922
89	45	0.181269246922
89	46	0.181269246922
89	48	0.925726421786
89	58	0.632120558829
89	63	0.181269246922
89	64	0.181269246922
89	65	0.972676277553
89	67	0.550671035883
89	69	0.451188363906
89	71	0.753403036058
89	78	0.999962829681
89	86	0.181269246922
89	87	0.181269246922
89	91	0.181269246922
89	94	0.451188363906
89	97	0.181269246922
89	100	0.181269246922
89	106	0.753403036058
89	113	0.181269246922
90	1	0.181269246922
90	3	0.181269246922
90	4	0.451188363906
90	6	0.698805788088
90	7	0.329679953964
90	9	0.329679953964
90	12	0.451188363906
90	13	0.329679953964
90	14	0.181269246922
90	16	0.181269246922
90	17	0.181269246922
90	19	0.329679953964
90	22	0.181269246922
90	24	0.999253414192
90	25	0.632120558829
90	26	0.181269246922
90	27	0.181269246922
90	29	0.550671035883
90	31	0.451188363906
90	32	0.181269246922
90	34	0.632120558829
90	35	0.550671035883
90	37	0.329679953964
90	39	0.181269246922
90	41	0.181269246922
90	42	0.999088118034
90	44	0.329679953964
90	45	0.181269246922
90	46	0.329679953964
90	47	0.181269246922
90	50	0.181269246922
90	52	0.989948164255
90	54	0.181269246922
90	57	0.997521247823
90	58	0.698805788088
90	61	0.329679953964
90	63	0.181269246922
90	65	0.181269246922
90	66	0.181269246922
90	67	0.834701111778
90	68	0.329679953964
90	69	0.329679953964
90	70	0.999992495442
90	73	0.959237796022
90	74	0.550671035883
90	76	0.994483435579
90	77	0.834701111778
90	80	0.181269246922
90	83	0.909282046711
90	87	0.181269246922
90	91	1.000000000000
90	92	0.181269246922
90	93	0.981684361111
90	95	0.181269246922
90	96	0.329679953964
90	97	0.451188363906
90	99	0.753403036058
90	101	0.181269246922
90	104	0.864664716763
90	105	0.181269246922
90	113	0.451188363906
91	1	0.329679953964
91	3	0.181269246922
91	4	0.329679953964
91	6	0.181269246922
91	8	0.181269246922
91	10	0.329679953964
91	14	0.329679953964
91	15	0.181269246922
91	17	0.329679953964
91	19	0.329679953964
91	23	0.329679953964
91	24	1.000000000000
91	29	0.329679953964
91	31	0.181269246922
91	34	0.181269246922
91	35	0.181269246922
91	37	0.181269246922
91	39	0.181269246922
91	45	0.181269246922
91	50	0.181269246922
91	52	0.889196841638
91	53	0.181269246922
91	56	0.181269246922
91	60	0.329679953964
91	61	0.329679953964
91	63	0.451188363906
91	65	0.550671035883
91	66	0.181269246922
91	70	0.550671035883
91	74	0.550671035883
91	77	0.181269246922
91	87	0.181269246922
91	89	0.181269246922
91	90	1.000000000000
91	92	0.181269246922
91	95	0.181269246922
91	96	0.329679953964
91	97	0.329679953964
91	99	0.181269246922
91	103	0.181269246922
91	104	0.329679953964
91	105	0.181269246922
92	4	0.181269246922
92	10	0.181269246922
92	12	0.181269246922
92	14	0.181269246922
92	25	0.999954600070
92	27	0.329679953964
92	34	0.181269246922
92	36	0.181269246922
92	40	0.329679953964
92	44	0.329679953964
92	46	0.329679953964
92	48	0.181269246922
92	53	0.329679953964
92	54	0.181269246922
92	55	0.329679953964
92	57	0.181269246922
92	58	0.181269246922
92	62	0.181269246922
92	63	0.329679953964
92	69	0.181269246922
92	70	0.550671035883
92	73	0.329679953964
92	84	0.966626730040
92	85	0.181269246922
92	90	0.181269246922
92	91	0.181269246922
92	97	0.181269246922
92	106	0.550671035883
93	1	0.864664716763
93	3	0.329679953964
93	4	0.181269246922
93	6	0.909282046711
93	10	0.909282046711
93	11	0.999590265021
93	12	0.997970569364
93	13	0.329679953964
93	14	0.753403036058
93	16	0.995483419057
93	19	0.550671035883
93	20	0.329679953964
93	25	0.329679953964
93	27	0.181269246922
93	35	0.181269246922
93	38	0.181269246922
93	39	0.181269246922
93	43	0.329679953964
93	44	0.181269246922
93	45	0.451188363906
93	52	0.181269246922
93	53	0.550671035883
93	54	0.329679953964
93	56	0.329679953964
93	57	0.632120558829
93	58	0.834701111778
93	63	0.181269246922
93	64	0.632120558829
93	65	0.329679953964
93	66	0.950212931632
93	69	0.181269246922
93	70	0.329679953964
93	76	0.181269246922
93	77	0.181269246922
93	87	0.181269246922
93	90	0.981684361111
93	95	0.181269246922
93	102	0.999999984770
93	108	0.181269246922
93	109	0.181269246922
94	3	0.925726421786
94	30	0.632120558829
94	31	0.181269246922
94	44	0.181269246922
94	58	0.451188363906
94	60	0.181269246922
94	67	0.181269246922
94	70	0.451188363906
94	87	0.181269246922
94	89	0.451188363906
94	96	0.451188363906
95	1	0.632120558829
95	3	0.698805788088
95	10	0.181269246922
95	12	0.889196841638
95	19	0.181269246922
95	24	0.753403036058
95	25	0.632120558829
95	27	0.181269246922
95	34	0.181269246922
95	39	0.550671035883
95	42	0.181269246922
95	43	0.329679953964
95	50	0.451188363906
95	51	0.181269246922
95	52	0.972676277553
95	58	0.329679953964
95	63	0.698805788088
95	65	0.181269246922
95	66	0.181269246922
95	67	0.329679953964
95	69	0.181269246922
95	71	0.181269246922
95	72	0.753403036058
95	74	0.451188363906
95	80	0.632120558829
95	86	0.181269246922
95	90	0.181269246922
95	91	0.181269246922
95	93	0.181269246922
95	96	0.698805788088
95	97	0.889196841638
95	100	0.181269246922
95	105	0.329679953964
96	1	0.181269246922
96	6	0.329679953964
96	10	0.329679953964
96	12	0.451188363906
96	16	0.181269246922
96	20	0.329679953964
96	21	0.181269246922
96	24	0.959237796022
96	25	0.181269246922
96	27	0.698805788088
96	28	0.181269246922
96	32	0.181269246922
96	40	0.181269246922
96	43	0.181269246922
96	45	0.181269246922
96	46	0.181269246922
96	52	0.181269246922
96	54	0.329679953964
96	57	0.925726421786
96	65	0.329679953964
96	69	0.329679953964
96	74	0.909282046711
96	76	0.181269246922
96	77	0.181269246922
96	84	0.181269246922
96	87	0.329679953964
96	90	0.329679953964
96	91	0.329679953964
96	94	0.451188363906
96	95	0.698805788088
96	97	0.999999862549
96	101	0.181269246922
96	108	0.181269246922
97	1	0.181269246922
97	3	0.834701111778
97	4	0.181269246922
97	10	0.329679953964
97	24	0.181269246922
97	25	0.909282046711
97	27	0.181269246922
97	29	0.181269246922
97	31	0.181269246922
97	34	0.181269246922
97	42	0.181269246922
97	43	0.329679953964
97	45	0.181269246922
97	52	0.698805788088
97	53	0.451188363906
97	65	0.181269246922
97	69	0.181269246922
97	76	0.181269246922
97	84	0.632120558829
97	89	0.181269246922
97	90	0.451188363906
97	91	0.329679953964
97	92	0.181269246922
97	95	0.889196841638
97	96	0.999999862549
97	99	0.181269246922
97	101	0.329679953964
97	105	0.181269246922
98	1	0.451188363906
98	3	0.451188363906
98	4	0.329679953964
98	7	0.181269246922
98	15	0.181269246922
98	25	0.181269246922
98	37	0.181269246922
98	48	0.999997739671
98	65	0.181269246922
98	66	0.181269246922
98	75	0.181269246922
98	79	0.329679953964
98	102	0.181269246922
98	113	0.181269246922
99	3	0.798103482005
99	4	0.181269246922
99	10	0.939189937375
99	13	0.181269246922
99	14	0.451188363906
99	15	0.181269246922
99	17	0.329679953964
99	19	0.999898960598
99	22	0.181269246922
99	25	0.181269246922
99	31	0.181269246922
99	34	0.329679953964
99	41	0.329679953964
99	42	0.994483435579
99	44	0.181269246922
99	45	0.451188363906
99	49	0.550671035883
99	53	0.181269246922
99	54	0.181269246922
99	63	0.329679953964
99	65	0.181269246922
99	69	0.451188363906
99	86	0.181269246922
99	90	0.753403036058
99	91	0.181269246922
99	97	0.181269246922
99	101	0.632120558829
100	1	0.451188363906
100	3	0.698805788088
100	6	0.451188363906
100	12	0.550671035883
100	19	0.329679953964
100	24	0.181269246922
100	27	0.181269246922
100	31	0.181269246922
100	37	0.987722660097
100	39	0.329679953964
100	42	0.451188363906
100	46	0.181269246922
100	48	0.181269246922
100	57	0.181269246922
100	63	0.181269246922
100	65	0.181269246922
100	67	0.798103482005
100	69	0.451188363906
100	70	0.451188363906
100	71	0.550671035883
100	74	0.977629228144
100	75	0.181269246922
100	85	0.329679953964
100	89	0.181269246922
100	95	0.181269246922
100	106	0.329679953964
100	112	0.181269246922
101	1	0.798103482005
101	2	0.451188363906
101	6	0.451188363906
101	8	0.181269246922
101	9	0.329679953964
101	10	0.329679953964
101	11	0.181269246922
101	13	0.451188363906
101	14	0.181269246922
101	19	0.451188363906
101	20	0.181269246922
101	25	0.181269246922
101	31	0.329679953964
101	35	0.329679953964
101	37	0.181269246922
101	41	0.181269246922
101	42	0.329679953964
101	44	0.999999999242
101	45	0.550671035883
101	46	0.632120558829
101	48	0.329679953964
101	49	0.181269246922
101	52	0.181269246922
101	53	0.329679953964
101	54	0.981684361111
101	55	0.181269246922
101	57	0.939189937375
101	58	0.181269246922
101	65	0.181269246922
101	67	0.329679953964
101	69	0.550671035883
101	71	0.181269246922
101	72	0.181269246922
101	73	0.181269246922
101	74	0.181269246922
101	75	0.181269246922
101	76	0.632120558829
101	83	0.997970569364
101	85	0.181269246922
101	86	0.329679953964
101	87	0.181269246922
101	88	0.798103482005
101	90	0.181269246922
101	96	0.181269246922
101	97	0.329679953964
101	99	0.632120558829
102	1	0.550671035883
102	6	0.451188363906
102	8	0.181269246922
102	11	0.999815894206
102	12	0.753403036058
102	14	0.451188363906
102	16	0.993262053001
102	19	0.550671035883
102	23	0.181269246922
102	31	0.181269246922
102	35	0.181269246922
102	40	0.181269246922
102	41	0.181269246922
102	42	0.181269246922
102	46	0.798103482005
102	53	0.451188363906
102	62	0.181269246922
102	63	0.181269246922
102	65	0.181269246922
102	79	0.329679953964
102	85	0.550671035883
102	87	0.329679953964
102	93	0.999999984770
102	98	0.181269246922
102	109	0.181269246922
102	112	0.999088118034
102	113	0.451188363906
103	1	0.451188363906
103	2	0.550671035883
103	3	0.977629228144
103	17	0.181269246922
103	25	0.753403036058
103	32	0.451188363906
103	48	0.181269246922
103	73	0.181269246922
103	85	0.181269246922
103	87	0.329679953964
103	91	0.181269246922
103	107	0.329679953964
103	108	0.451188363906
104	1	0.181269246922
104	2	0.181269246922
104	3	0.181269246922
104	4	0.181269246922
104	16	0.181269246922
104	30	0.181269246922
104	35	0.451188363906
104	37	0.966626730040
104	48	0.181269246922
104	53	0.181269246922
104	63	0.181269246922
104	87	0.181269246922
104	90	0.864664716763
104	91	0.329679953964
104	110	0.181269246922
105	3	0.864664716763
105	4	0.181269246922
105	11	0.451188363906
105	14	0.181269246922
105	22	0.798103482005
105	23	0.181269246922
105	24	0.329679953964
105	25	0.925726421786
105	27	0.329679953964
105	34	0.753403036058
105	35	0.181269246922
105	37	0.181269246922
105	39	0.451188363906
105	43	0.181269246922
105	49	0.181269246922
105	52	0.181269246922
105	53	0.181269246922
105	56	0.181269246922
105	63	0.329679953964
105	72	0.181269246922
105	74	0.834701111778
105	77	0.329679953964
105	80	0.451188363906
105	90	0.181269246922
105	91	0.181269246922
105	95	0.329679953964
105	97	0.181269246922
105	108	0.999999999975
105	110	1.000000000000
106	4	0.181269246922
106	6	0.999590265021
106	12	0.999992495442
106	13	0.181269246922
106	17	0.329679953964
106	19	0.999849266925
106	20	0.753403036058
106	37	0.181269246922
106	42	0.632120558829
106	46	0.999998484856
106	49	0.181269246922
106	50	0.181269246922
106	53	0.451188363906
106	57	0.329679953964
106	58	0.550671035883
106	63	0.632120558829
106	65	0.632120558829
106	69	0.181269246922
106	72	0.966626730040
106	75	0.451188363906
106	77	0.181269246922
106	84	0.451188363906
106	86	0.329679953964
106	87	0.999954600070
106	89	0.753403036058
106	92	0.550671035883
106	100	0.329679953964
106	107	0.329679953964
107	1	0.834701111778
107	3	0.798103482005
107	4	0.181269246922
107	6	0.550671035883
107	12	0.329679953964
107	13	0.181269246922
107	17	0.329679953964
107	19	0.181269246922
107	20	0.181269246922
107	22	0.451188363906
107	30	0.939189937375
107	31	0.451188363906
107	35	0.550671035883
107	42	0.451188363906
107	46	0.889196841638
107	63	0.181269246922
107	65	0.966626730040
107	67	0.329679953964
107	69	0.181269246922
107	74	0.451188363906
107	76	0.550671035883
107	80	0.181269246922
107	87	0.889196841638
107	103	0.329679953964
107	106	0.329679953964
107	113	0.451188363906
108	1	0.181269246922
108	3	0.959237796022
108	15	0.999999749548
108	17	0.632120558829
108	23	0.181269246922
108	31	0.181269246922
108	35	0.959237796022
108	37	0.451188363906
108	39	0.181269246922
108	48	0.181269246922
108	49	0.181269246922
108	59	0.181269246922
108	64	0.181269246922
108	68	0.550671035883
108	72	0.181269246922
108	85	0.181269246922
108	93	0.181269246922
108	96	0.181269246922
108	103	0.451188363906
108	105	0.999999999975
108	110	0.999590265021
108	113	0.329679953964
109	1	0.959237796022
109	2	0.329679953964
109	3	0.632120558829
109	12	0.550671035883
109	19	0.329679953964
109	25	0.181269246922
109	46	0.181269246922
109	69	0.181269246922
109	74	0.329679953964
109	86	0.181269246922
109	93	0.181269246922
109	102	0.181269246922
110	1	0.181269246922
110	3	0.329679953964
110	11	0.329679953964
110	13	0.181269246922
110	17	0.329679953964
110	22	0.753403036058
110	24	0.451188363906
110	25	0.181269246922
110	34	0.451188363906
110	39	0.550671035883
110	44	0.181269246922
110	50	0.181269246922
110	52	0.632120558829
110	53	0.181269246922
110	63	0.181269246922
110	66	0.181269246922
110	69	0.181269246922
110	74	0.550671035883
110	77	0.181269246922
110	87	0.981684361111
110	104	0.181269246922
110	105	1.000000000000
110	108	0.999590265021
111	3	0.329679953964
112	1	0.925726421786
112	11	0.329679953964
112	12	0.991770252951
112	31	0.329679953964
112	35	0.181269246922
112	38	0.181269246922
112	46	0.329679953964
112	65	0.753403036058
112	77	0.181269246922
112	86	0.181269246922
112	100	0.181269246922
112	102	0.999088118034
112	113	0.451188363906
113	1	0.999499548567
113	3	0.998886224852
113	5	0.550671035883
113	6	0.632120558829
113	7	0.451188363906
113	8	0.181269246922
113	9	0.329679953964
113	10	0.798103482005
113	12	0.972676277553
113	13	0.181269246922
113	14	0.925726421786
113	16	0.329679953964
113	17	0.181269246922
113	18	0.451188363906
113	19	0.181269246922
113	23	0.181269246922
113	30	0.550671035883
113	35	0.632120558829
113	36	0.329679953964
113	38	0.550671035883
113	39	0.329679953964
113	42	0.550671035883
113	47	0.451188363906
113	48	0.451188363906
113	55	0.329679953964
113	56	0.925726421786
113	63	0.550671035883
113	64	0.834701111778
113	65	0.966626730040
113	70	0.451188363906
113	71	0.329679953964
113	78	0.698805788088
113	79	0.329679953964
113	84	0.451188363906
113	85	0.181269246922
113	86	0.834701111778
113	87	0.550671035883
113	89	0.181269246922
113	90	0.451188363906
113	98	0.181269246922
113	102	0.451188363906
113	107	0.451188363906
113	108	0.329679953964
113	112	0.451188363906
